Date,Team,Opp,SOG,OSOG,homeaway,1st,2nd,3rd,OT,1OT,TG,O1St,O2nd,O3rd,OOT,OOT1,OTG
10/11/2023,MTL,TOR,24,42,away,1,1,3,0,0,5,0,3,2,0,1,6
10/12/2023,STL,DAL,24,34,away,0,1,0,0,0,1,0,1,0,0,1,2
10/13/2023,NJD,ARI,36,33,home,0,3,0,0,0,3,1,1,1,0,1,4
10/14/2023,SEA,STL,31,25,away,0,1,0,0,0,1,0,1,0,0,1,2
10/14/2023,SJS,COL,21,52,home,1,0,0,0,0,1,0,0,1,0,1,2
10/14/2023,LAK,CAR,30,19,home,1,2,2,0,0,5,3,2,0,0,1,6
10/16/2023,CGY,WSH,40,23,away,2,0,0,0,0,2,0,2,0,0,1,3
10/17/2023,DAL,VGK,26,34,away,0,1,1,0,0,2,0,1,1,0,1,3
10/27/2023,MIN,WSH,41,33,away,1,0,1,0,0,2,2,0,0,0,1,3
10/28/2023,WPG,MTL,45,29,away,1,2,0,0,0,3,1,1,1,0,1,4
10/28/2023,LAK,VGK,40,30,home,1,1,1,0,0,3,0,2,1,0,1,4
10/30/2023,MTL,VGK,39,25,away,0,1,1,0,0,2,1,1,0,0,1,3
11/2/2023,TOR,BOS,35,40,away,0,2,0,0,0,2,1,1,0,0,1,3
11/4/2023,NYR,MIN,18,40,away,3,0,1,0,0,4,0,2,2,0,1,5
11/7/2023,SEA,ARI,38,27,away,1,1,1,0,0,3,1,1,1,0,1,4
11/10/2023,CGY,TOR,28,36,away,1,2,1,0,0,4,2,2,0,0,1,5
11/12/2023,CBJ,NYR,28,40,away,1,2,0,0,0,3,1,1,1,0,1,4
11/16/2023,NYI,SEA,23,32,away,1,1,1,0,0,3,2,0,1,0,1,4
11/18/2023,MIN,OTT,25,31,away,0,1,0,0,0,1,0,0,1,0,1,2
11/18/2023,CGY,NYI,39,33,home,1,1,2,0,0,4,1,2,1,0,1,5
11/24/2023,SJS,MTL,33,24,home,0,2,0,0,0,2,0,1,1,0,1,3
11/25/2023,NYI,PHI,25,40,home,0,0,0,0,0,0,0,0,0,0,1,1
11/28/2023,FLA,TOR,39,32,away,1,0,0,0,0,1,0,1,0,0,1,2
11/28/2023,VGK,EDM,27,34,away,0,2,2,0,0,4,1,3,0,0,1,5
11/30/2023,SEA,TOR,40,28,away,0,1,2,0,0,3,1,2,0,0,1,4
12/2/2023,PIT,PHI,32,34,home,0,1,2,0,0,3,0,1,2,0,1,4
12/2/2023,COL,ANA,37,37,away,3,0,0,0,0,3,1,2,0,0,1,4
12/5/2023,CHI,NSH,28,30,home,1,2,0,0,0,3,0,3,0,0,1,4
12/7/2023,WSH,DAL,27,38,home,1,2,1,0,0,4,1,1,2,0,1,5
12/9/2023,BUF,MTL,48,31,home,0,0,2,0,0,2,0,2,0,0,1,3
12/10/2023,SJS,VGK,38,27,away,1,0,3,0,0,4,0,2,2,0,1,5
12/13/2023,MTL,PIT,42,30,home,3,0,0,0,0,3,1,2,0,0,1,4
12/14/2023,WSH,PHI,30,32,away,0,2,1,0,0,3,0,1,2,0,1,4
12/14/2023,CGY,MIN,37,32,away,0,1,1,0,0,2,1,0,1,0,1,3
12/15/2023,NYI,BOS,37,34,home,0,2,2,0,0,4,0,2,2,0,1,5
12/16/2023,VAN,MIN,36,31,away,0,1,0,0,0,1,1,0,0,0,1,2
12/16/2023,SEA,LAK,19,38,home,1,0,1,0,0,2,1,1,0,0,1,3
12/17/2023,CAR,WSH,29,21,home,0,1,0,0,0,1,0,1,0,0,1,2
10/11/2023,TOR,MTL,42,24,home,0,3,2,0,1,6,1,1,3,0,0,5
10/12/2023,DAL,STL,34,24,home,0,1,0,0,1,2,0,1,0,0,0,1
10/13/2023,ARI,NJD,33,36,away,1,1,1,0,1,4,0,3,0,0,0,3
10/14/2023,STL,SEA,25,31,home,0,1,0,0,1,2,0,1,0,0,0,1
10/14/2023,COL,SJS,52,21,away,0,0,1,0,1,2,1,0,0,0,0,1
10/14/2023,CAR,LAK,19,30,away,3,2,0,0,1,6,1,2,2,0,0,5
10/16/2023,WSH,CGY,23,40,home,0,2,0,0,1,3,2,0,0,0,0,2
10/17/2023,VGK,DAL,34,26,home,0,1,1,0,1,3,0,1,1,0,0,2
10/27/2023,WSH,MIN,33,41,home,2,0,0,0,1,3,1,0,1,0,0,2
10/28/2023,MTL,WPG,29,45,home,1,1,1,0,1,4,1,2,0,0,0,3
10/28/2023,VGK,LAK,30,40,away,0,2,1,0,1,4,1,1,1,0,0,3
10/30/2023,VGK,MTL,25,39,home,1,1,0,0,1,3,0,1,1,0,0,2
11/2/2023,BOS,TOR,40,35,home,1,1,0,0,1,3,0,2,0,0,0,2
11/4/2023,MIN,NYR,40,18,home,0,2,2,0,1,5,3,0,1,0,0,4
11/7/2023,ARI,SEA,27,38,home,1,1,1,0,1,4,1,1,1,0,0,3
11/10/2023,TOR,CGY,36,28,home,2,2,0,0,1,5,1,2,1,0,0,4
11/12/2023,NYR,CBJ,40,28,home,1,1,1,0,1,4,1,2,0,0,0,3
11/16/2023,SEA,NYI,32,23,home,2,0,1,0,1,4,1,1,1,0,0,3
11/18/2023,OTT,MIN,31,25,home,0,0,1,0,1,2,0,1,0,0,0,1
11/18/2023,NYI,CGY,33,39,away,1,2,1,0,1,5,1,1,2,0,0,4
11/24/2023,MTL,SJS,24,33,away,0,1,1,0,1,3,0,2,0,0,0,2
11/25/2023,PHI,NYI,40,25,away,0,0,0,0,1,1,0,0,0,0,0,0
11/28/2023,TOR,FLA,32,39,home,0,1,0,0,1,2,1,0,0,0,0,1
11/28/2023,EDM,VGK,34,27,home,1,3,0,0,1,5,0,2,2,0,0,4
11/30/2023,TOR,SEA,28,40,home,1,2,0,0,1,4,0,1,2,0,0,3
12/2/2023,PHI,PIT,34,32,away,0,1,2,0,1,4,0,1,2,0,0,3
12/2/2023,ANA,COL,37,37,home,1,2,0,0,1,4,3,0,0,0,0,3
12/5/2023,NSH,CHI,30,28,away,0,3,0,0,1,4,1,2,0,0,0,3
12/7/2023,DAL,WSH,38,27,away,1,1,2,0,1,5,1,2,1,0,0,4
12/9/2023,MTL,BUF,31,48,away,0,2,0,0,1,3,0,0,2,0,0,2
12/10/2023,VGK,SJS,27,38,home,0,2,2,0,1,5,1,0,3,0,0,4
12/13/2023,PIT,MTL,30,42,away,1,2,0,0,1,4,3,0,0,0,0,3
12/14/2023,PHI,WSH,32,30,home,0,1,2,0,1,4,0,2,1,0,0,3
12/14/2023,MIN,CGY,32,37,home,1,0,1,0,1,3,0,1,1,0,0,2
12/15/2023,BOS,NYI,34,37,away,0,2,2,0,1,5,0,2,2,0,0,4
12/16/2023,MIN,VAN,31,36,home,1,0,0,0,1,2,0,1,0,0,0,1
12/16/2023,LAK,SEA,38,19,away,1,1,0,0,1,3,1,0,1,0,0,2
12/17/2023,WSH,CAR,21,29,away,0,1,0,0,1,2,0,1,0,0,0,1
10/10/2023,NSH,TBL,31,34,away,0,1,2,,,3,1,0,4,,,5
10/10/2023,TBL,NSH,34,31,home,1,0,4,,,5,0,1,2,,,3
10/10/2023,CHI,PIT,36,41,away,0,1,3,,,4,1,1,0,,,2
10/10/2023,PIT,CHI,41,36,home,1,1,0,,,2,0,1,3,,,4
10/10/2023,SEA,VGK,33,28,away,0,1,0,,,1,2,1,1,,,4
10/10/2023,VGK,SEA,28,33,home,2,1,1,,,4,0,1,0,,,1
10/11/2023,OTT,CAR,30,42,away,1,0,2,,,3,0,2,3,,,5
10/11/2023,CAR,OTT,42,30,home,0,2,3,,,5,1,0,2,,,3
10/11/2023,CHI,BOS,21,33,away,1,0,0,,,1,1,1,1,,,3
10/11/2023,BOS,CHI,33,21,home,1,1,1,,,3,1,0,0,,,1
10/11/2023,WPG,CGY,37,22,away,1,1,1,,,3,2,1,2,,,5
10/11/2023,CGY,WPG,22,37,home,2,1,2,,,5,1,1,1,,,3
10/11/2023,COL,LAK,37,36,away,1,2,2,,,5,0,2,0,,,2
10/11/2023,LAK,COL,36,37,home,0,2,0,,,2,1,2,2,,,5
10/11/2023,EDM,VAN,27,32,away,0,1,0,,,1,2,3,3,,,8
10/11/2023,VAN,EDM,32,27,home,2,3,3,,,8,0,1,0,,,1
10/12/2023,NYR,BUF,31,25,away,2,1,2,,,5,0,1,0,,,1
10/12/2023,BUF,NYR,25,31,home,0,1,0,,,1,2,1,2,,,5
10/12/2023,PHI,CBJ,37,33,away,2,0,2,,,4,1,0,1,,,2
10/12/2023,CBJ,PHI,33,37,home,1,0,1,,,2,2,0,2,,,4
10/12/2023,DET,NJD,35,27,away,0,1,2,,,3,0,2,2,,,4
10/12/2023,NJD,DET,27,35,home,0,2,2,,,4,0,1,2,,,3
10/12/2023,FLA,MIN,41,21,away,0,0,0,,,0,1,1,0,,,2
10/12/2023,MIN,FLA,21,41,home,1,1,0,,,2,0,0,0,,,0
10/12/2023,SEA,NSH,23,35,away,0,0,0,,,0,0,1,2,,,3
10/12/2023,NSH,SEA,35,23,home,0,1,2,,,3,0,0,0,,,0
10/12/2023,VGK,SJS,32,23,away,1,2,1,,,4,1,0,0,,,1
10/12/2023,SJS,VGK,23,32,home,1,0,0,,,1,1,2,1,,,4
10/13/2023,PIT,WSH,35,19,away,0,3,1,,,4,0,0,0,,,0
10/13/2023,WSH,PIT,19,35,home,0,0,0,,,0,0,3,1,,,4
10/14/2023,PHI,OTT,21,31,away,1,1,0,,,2,2,2,1,,,5
10/14/2023,OTT,PHI,31,21,home,2,2,1,,,5,1,1,0,,,2
10/14/2023,FLA,WPG,33,35,away,1,1,2,,,4,1,3,2,,,6
10/14/2023,WPG,FLA,35,33,home,1,3,2,,,6,1,1,2,,,4
10/14/2023,NSH,BOS,36,30,away,1,1,0,,,2,1,1,1,,,3
10/14/2023,BOS,NSH,30,36,home,1,1,1,,,3,1,1,0,,,2
10/14/2023,NYR,CBJ,42,21,away,1,0,2,,,3,2,2,1,,,5
10/14/2023,CBJ,NYR,21,42,home,2,2,1,,,5,1,0,2,,,3
10/14/2023,TBL,DET,25,42,away,2,1,1,,,4,2,2,2,,,6
10/14/2023,DET,TBL,42,25,home,2,2,2,,,6,2,1,1,,,4
10/14/2023,CHI,MTL,30,36,away,0,0,2,,,2,0,3,0,,,3
10/14/2023,MTL,CHI,36,30,home,0,3,0,,,3,0,0,2,,,2
10/14/2023,CGY,PIT,36,29,away,0,1,1,,,2,0,0,5,,,5
10/14/2023,PIT,CGY,29,36,home,0,0,5,,,5,0,1,1,,,2
10/14/2023,MIN,TOR,32,33,away,1,2,1,,,4,3,1,3,,,7
10/14/2023,TOR,MIN,33,32,home,3,1,3,,,7,1,2,1,,,4
10/14/2023,BUF,NYI,28,29,away,0,1,1,,,2,2,0,1,,,3
10/14/2023,NYI,BUF,29,28,home,2,0,1,,,3,0,1,1,,,2
10/14/2023,VAN,EDM,16,40,away,2,1,1,,,4,1,2,0,,,3
10/14/2023,EDM,VAN,40,16,home,1,2,0,,,3,2,1,1,,,4
10/14/2023,ANA,VGK,23,38,away,0,0,1,,,1,1,1,2,,,4
10/14/2023,VGK,ANA,38,23,home,1,1,2,,,4,0,0,1,,,1
10/15/2023,TBL,OTT,24,38,away,0,2,0,,,2,1,2,2,,,5
10/15/2023,OTT,TBL,38,24,home,1,2,2,,,5,0,2,0,,,2
10/15/2023,CAR,ANA,35,25,away,0,1,2,,,3,3,1,2,,,6
10/15/2023,ANA,CAR,25,35,home,3,1,2,,,6,0,1,2,,,3
10/16/2023,DET,CBJ,28,23,away,1,3,0,,,4,0,0,0,,,0
10/16/2023,CBJ,DET,23,28,home,0,0,0,,,0,1,3,0,,,4
10/16/2023,FLA,NJD,30,34,away,2,1,1,,,4,0,0,3,,,3
10/16/2023,NJD,FLA,34,30,home,0,0,3,,,3,2,1,1,,,4
10/16/2023,ARI,NYR,27,28,away,0,1,0,,,1,1,0,1,,,2
10/16/2023,NYR,ARI,28,27,home,1,0,1,,,2,0,1,0,,,1
10/16/2023,CHI,TOR,31,36,away,0,3,1,,,4,0,1,0,,,1
10/16/2023,TOR,CHI,36,31,home,0,1,0,,,1,0,3,1,,,4
10/17/2023,MIN,MTL,35,28,away,2,2,1,,,5,0,1,1,,,2
10/17/2023,MTL,MIN,28,35,home,0,1,1,,,2,2,2,1,,,5
10/17/2023,VAN,PHI,26,42,away,0,0,0,,,0,2,0,0,,,2
10/17/2023,PHI,VAN,42,26,home,2,0,0,,,2,0,0,0,,,0
10/17/2023,ARI,NYI,14,34,away,0,0,0,,,0,0,1,0,,,1
10/17/2023,NYI,ARI,34,14,home,0,1,0,,,1,0,0,0,,,0
10/17/2023,EDM,NSH,30,44,away,4,2,0,,,6,0,1,0,,,1
10/17/2023,NSH,EDM,44,30,home,0,1,0,,,1,4,2,0,,,6
10/17/2023,LAK,WPG,29,27,away,0,2,3,,,5,0,0,1,,,1
10/17/2023,WPG,LAK,27,29,home,0,0,1,,,1,0,2,3,,,5
10/17/2023,COL,SEA,28,38,away,0,2,2,,,4,1,0,0,,,1
10/17/2023,SEA,COL,38,28,home,1,0,0,,,1,0,2,2,,,4
10/17/2023,CAR,SJS,42,16,away,1,1,4,,,6,1,2,0,,,3
10/17/2023,SJS,CAR,16,42,home,1,2,0,,,3,1,1,4,,,6
10/18/2023,WSH,OTT,24,29,away,1,0,0,,,1,2,3,1,,,6
10/18/2023,OTT,WSH,29,24,home,2,3,1,,,6,1,0,0,,,1
10/18/2023,PIT,DET,33,29,away,1,0,2,,,3,1,3,2,,,6
10/18/2023,DET,PIT,29,33,home,1,3,2,,,6,1,0,2,,,3
10/19/2023,CGY,BUF,36,27,away,2,0,2,,,4,2,0,1,,,3
10/19/2023,BUF,CGY,27,36,home,2,0,1,,,3,2,0,2,,,4
10/19/2023,TOR,FLA,30,24,away,0,1,0,,,1,2,0,1,,,3
10/19/2023,FLA,TOR,24,30,home,2,0,1,,,3,0,1,0,,,1
10/19/2023,NSH,NYR,27,24,away,2,2,0,,,4,0,1,0,,,1
10/19/2023,NYR,NSH,24,27,home,0,1,0,,,1,2,2,0,,,4
10/19/2023,EDM,PHI,23,32,away,0,1,0,,,1,1,2,1,,,4
10/19/2023,PHI,EDM,32,23,home,1,2,1,,,4,0,1,0,,,1
10/19/2023,VAN,TBL,29,36,away,0,2,1,,,3,1,2,1,,,4
10/19/2023,TBL,VAN,36,29,home,1,2,1,,,4,0,2,1,,,3
10/19/2023,LAK,MIN,27,32,away,4,0,3,,,7,2,0,1,,,3
10/19/2023,MIN,LAK,32,27,home,2,0,1,,,3,4,0,3,,,7
10/19/2023,ARI,STL,42,26,away,1,3,2,,,6,0,1,1,,,2
10/19/2023,STL,ARI,26,42,home,0,1,1,,,2,1,3,2,,,6
10/19/2023,VGK,WPG,27,39,away,1,2,2,,,5,1,1,1,,,3
10/19/2023,WPG,VGK,39,27,home,1,1,1,,,3,1,2,2,,,5
10/19/2023,DAL,ANA,24,29,away,0,2,1,,,3,1,0,1,,,2
10/19/2023,ANA,DAL,29,24,home,1,0,1,,,2,0,2,1,,,3
10/19/2023,CAR,SEA,36,36,away,1,0,3,,,4,3,1,3,,,7
10/19/2023,SEA,CAR,36,36,home,3,1,3,,,7,1,0,3,,,4
10/19/2023,CHI,COL,18,41,away,0,0,0,,,0,2,1,1,,,4
10/19/2023,COL,CHI,41,18,home,2,1,1,,,4,0,0,0,,,0
10/19/2023,BOS,SJS,36,27,away,2,1,0,,,3,0,0,1,,,1
10/19/2023,SJS,BOS,27,36,home,0,0,1,,,1,2,1,0,,,3
10/20/2023,CGY,CBJ,37,29,away,0,0,1,,,1,0,1,2,,,3
10/20/2023,CBJ,CGY,29,37,home,0,1,2,,,3,0,0,1,,,1
10/21/2023,DET,OTT,23,37,away,1,2,2,,,5,1,0,1,,,2
10/21/2023,OTT,DET,37,23,home,1,0,1,,,2,1,2,2,,,5
10/21/2023,ANA,ARI,33,27,away,0,0,1,,,1,1,1,0,,,2
10/21/2023,ARI,ANA,27,33,home,1,1,0,,,2,0,0,1,,,1
10/21/2023,NYI,BUF,25,42,away,0,0,1,,,1,0,2,1,,,3
10/21/2023,BUF,NYI,42,25,home,0,2,1,,,3,0,0,1,,,1
10/21/2023,VAN,FLA,31,36,away,1,2,2,,,5,1,0,2,,,3
10/21/2023,FLA,VAN,36,31,home,1,0,2,,,3,1,2,2,,,5
10/21/2023,VGK,CHI,24,24,away,1,1,3,,,5,1,1,1,,,3
10/21/2023,CHI,VGK,24,24,home,1,1,1,,,3,1,1,3,,,5
10/21/2023,SJS,NSH,32,34,away,0,0,1,,,1,1,2,2,,,5
10/21/2023,NSH,SJS,34,32,home,1,2,2,,,5,0,0,1,,,1
10/21/2023,PIT,STL,33,21,away,1,0,1,,,2,1,2,1,,,4
10/21/2023,STL,PIT,21,33,home,1,2,1,,,4,1,0,1,,,2
10/21/2023,CAR,COL,27,27,away,1,2,1,,,4,1,5,0,,,6
10/21/2023,COL,CAR,27,27,home,1,5,0,,,6,1,2,1,,,4
10/21/2023,NYR,SEA,27,19,away,1,2,1,,,4,1,0,0,,,1
10/21/2023,SEA,NYR,19,27,home,1,0,0,,,1,1,2,1,,,4
10/21/2023,BOS,LAK,25,34,away,1,2,1,,,4,0,1,1,,,2
10/21/2023,LAK,BOS,34,25,home,0,1,1,,,2,1,2,1,,,4
10/22/2023,CGY,DET,31,30,away,0,2,0,,,2,2,2,2,,,6
10/22/2023,DET,CGY,30,31,home,2,2,2,,,6,0,2,0,,,2
10/22/2023,BOS,ANA,26,31,away,0,0,3,,,3,0,0,1,,,1
10/22/2023,ANA,BOS,31,26,home,0,0,1,,,1,0,0,3,,,3
10/23/2023,MTL,BUF,27,37,away,1,0,2,,,3,1,0,0,,,1
10/23/2023,BUF,MTL,37,27,home,1,0,0,,,1,1,0,2,,,3
10/24/2023,TOR,WSH,17,38,away,1,3,0,,,4,0,1,0,,,1
10/24/2023,WSH,TOR,38,17,home,0,1,0,,,1,1,3,0,,,4
10/24/2023,BUF,OTT,24,38,away,2,3,1,,,6,0,1,3,,,4
10/24/2023,OTT,BUF,38,24,home,0,1,3,,,4,2,3,1,,,6
10/24/2023,CAR,TBL,32,23,away,0,0,0,,,0,1,1,1,,,3
10/24/2023,TBL,CAR,23,32,home,1,1,1,,,3,0,0,0,,,0
10/24/2023,NJD,MTL,34,29,away,1,1,3,,,5,1,0,1,,,2
10/24/2023,MTL,NJD,29,34,home,1,0,1,,,2,1,1,3,,,5
10/24/2023,DAL,PIT,34,39,away,0,2,2,,,4,1,0,0,,,1
10/24/2023,PIT,DAL,39,34,home,1,0,0,,,1,0,2,2,,,4
10/24/2023,SJS,FLA,28,36,away,0,1,0,,,1,0,2,1,,,3
10/24/2023,FLA,SJS,36,28,home,0,2,1,,,3,0,1,0,,,1
10/24/2023,COL,NYI,38,32,away,2,2,3,,,7,1,2,1,,,4
10/24/2023,NYI,COL,32,38,home,1,2,1,,,4,2,2,3,,,7
10/24/2023,BOS,CHI,43,23,away,0,1,2,,,3,0,0,0,,,0
10/24/2023,CHI,BOS,23,43,home,0,0,0,,,0,0,1,2,,,3
10/24/2023,STL,WPG,20,30,away,0,1,1,,,2,0,2,2,,,4
10/24/2023,WPG,STL,30,20,home,0,2,2,,,4,0,1,1,,,2
10/24/2023,EDM,MIN,28,32,away,2,1,1,,,4,2,0,5,,,7
10/24/2023,MIN,EDM,32,28,home,2,0,5,,,7,2,1,1,,,4
10/24/2023,VAN,NSH,24,18,away,1,2,0,,,3,1,1,0,,,2
10/24/2023,NSH,VAN,18,24,home,1,1,0,,,2,1,2,0,,,3
10/24/2023,NYR,CGY,20,26,away,0,3,0,,,3,1,0,0,,,1
10/24/2023,CGY,NYR,26,20,home,1,0,0,,,1,0,3,0,,,3
10/24/2023,ARI,LAK,27,28,away,1,2,0,,,3,3,1,2,,,6
10/24/2023,LAK,ARI,28,27,home,3,1,2,,,6,1,2,0,,,3
10/24/2023,PHI,VGK,28,29,away,2,0,0,,,2,1,0,2,,,3
10/24/2023,VGK,PHI,29,28,home,1,0,2,,,3,2,0,0,,,2
10/25/2023,WSH,NJD,25,22,away,3,0,3,,,6,0,4,0,,,4
10/25/2023,NJD,WSH,22,25,home,0,4,0,,,4,3,0,3,,,6
10/26/2023,WPG,DET,29,36,away,2,0,2,,,4,0,1,0,,,1
10/26/2023,DET,WPG,36,29,home,0,1,0,,,1,2,0,2,,,4
10/26/2023,MIN,PHI,28,35,away,0,0,2,,,2,1,2,3,,,6
10/26/2023,PHI,MIN,35,28,home,1,2,3,,,6,0,0,2,,,2
10/26/2023,COL,PIT,31,29,away,0,0,0,,,0,2,1,1,,,4
10/26/2023,PIT,COL,29,31,home,2,1,1,,,4,0,0,0,,,0
10/26/2023,SJS,TBL,23,31,away,0,0,0,,,0,3,2,1,,,6
10/26/2023,TBL,SJS,31,23,home,3,2,1,,,6,0,0,0,,,0
10/26/2023,OTT,NYI,47,38,away,0,2,0,,,2,2,0,1,,,3
10/26/2023,NYI,OTT,38,47,home,2,0,1,,,3,0,2,0,,,2
10/26/2023,TOR,DAL,24,32,away,1,1,2,,,4,0,1,0,,,1
10/26/2023,DAL,TOR,32,24,home,0,1,0,,,1,1,1,2,,,4
10/26/2023,STL,CGY,35,27,away,2,0,1,,,3,0,0,0,,,0
10/26/2023,CGY,STL,27,35,home,0,0,0,,,0,2,0,1,,,3
10/26/2023,NYR,EDM,32,29,away,0,3,0,,,3,0,0,0,,,0
10/26/2023,EDM,NYR,29,32,home,0,0,0,,,0,0,3,0,,,3
10/27/2023,SJS,CAR,20,40,away,0,0,0,,,0,2,0,1,,,3
10/27/2023,CAR,SJS,40,20,home,2,0,1,,,3,0,0,0,,,0
10/27/2023,BUF,NJD,27,39,away,2,1,1,,,4,2,1,2,,,5
10/27/2023,NJD,BUF,39,27,home,2,1,2,,,5,2,1,1,,,4
10/27/2023,LAK,ARI,41,24,away,1,1,3,,,5,4,0,0,,,4
10/27/2023,ARI,LAK,24,41,home,4,0,0,,,4,1,1,3,,,5
10/27/2023,STL,VAN,22,35,away,0,0,0,,,0,1,3,1,,,5
10/27/2023,VAN,STL,35,22,home,1,3,1,,,5,0,0,0,,,0
10/28/2023,ANA,PHI,25,30,away,2,2,3,,,7,0,2,2,,,4
10/28/2023,PHI,ANA,30,25,home,0,2,2,,,4,2,2,3,,,7
10/28/2023,SEA,FLA,33,37,away,1,1,0,,,2,0,2,1,,,3
10/28/2023,FLA,SEA,37,33,home,0,2,1,,,3,1,1,0,,,2
10/28/2023,DET,BOS,24,31,away,0,0,1,,,1,2,0,2,,,4
10/28/2023,BOS,DET,31,24,home,2,0,2,,,4,0,0,1,,,1
10/28/2023,NYI,CBJ,34,34,away,1,0,1,,,2,0,0,0,,,0
10/28/2023,CBJ,NYI,34,34,home,0,0,0,,,0,1,0,1,,,2
10/28/2023,OTT,PIT,26,43,away,2,1,2,,,5,0,1,1,,,2
10/28/2023,PIT,OTT,43,26,home,0,1,1,,,2,2,1,2,,,5
10/29/2023,COL,BUF,23,29,away,0,0,0,,,0,1,2,1,,,4
10/29/2023,BUF,COL,29,23,home,1,2,1,,,4,0,0,0,,,0
10/29/2023,MIN,NJD,34,30,away,1,1,1,,,3,1,3,0,,,4
10/29/2023,NJD,MIN,30,34,home,1,3,0,,,4,1,1,1,,,3
10/29/2023,SJS,WSH,31,42,away,1,0,0,,,1,0,0,3,,,3
10/29/2023,WSH,SJS,42,31,home,0,0,3,,,3,1,0,0,,,1
10/29/2023,CGY,EDM,26,33,away,1,1,0,,,2,3,0,2,,,5
10/29/2023,EDM,CGY,33,26,home,3,0,2,,,5,1,1,0,,,2
10/30/2023,CAR,PHI,32,28,away,1,1,1,,,3,2,0,0,,,2
10/30/2023,PHI,CAR,28,32,home,2,0,0,,,2,1,1,1,,,3
10/30/2023,ANA,PIT,27,42,away,1,1,2,,,4,1,1,1,,,3
10/30/2023,PIT,ANA,42,27,home,1,1,1,,,3,1,1,2,,,4
10/30/2023,CBJ,DAL,25,33,away,2,0,1,,,3,1,1,3,,,5
10/30/2023,DAL,CBJ,33,25,home,1,1,3,,,5,2,0,1,,,3
10/30/2023,CHI,ARI,30,33,away,1,0,0,,,1,3,4,1,,,8
10/30/2023,ARI,CHI,33,30,home,3,4,1,,,8,1,0,0,,,1
10/31/2023,LAK,TOR,27,30,away,2,1,1,,,4,0,0,1,,,1
10/31/2023,TOR,LAK,30,27,home,0,0,1,,,1,2,1,1,,,4
10/31/2023,NSH,VAN,29,27,away,2,0,0,,,2,1,2,2,,,5
10/31/2023,VAN,NSH,27,29,home,1,2,2,,,5,2,0,0,,,2
11/1/2023,BUF,PHI,15,40,away,2,0,3,,,5,2,0,0,,,2
11/1/2023,PHI,BUF,40,15,home,2,0,0,,,2,2,0,3,,,5
11/1/2023,DAL,CGY,30,46,away,1,3,0,,,4,1,1,1,,,3
11/1/2023,CGY,DAL,46,30,home,1,1,1,,,3,1,3,0,,,4
11/1/2023,STL,COL,28,28,away,0,1,0,,,1,2,0,2,,,4
11/1/2023,COL,STL,28,28,home,2,0,2,,,4,0,1,0,,,1
11/2/2023,TBL,CBJ,29,28,away,0,2,0,,,2,1,0,3,,,4
11/2/2023,CBJ,TBL,28,29,home,1,0,3,,,4,0,2,0,,,2
11/2/2023,FLA,DET,27,22,away,0,1,1,,,2,0,0,0,,,0
11/2/2023,DET,FLA,22,27,home,0,0,0,,,0,0,1,1,,,2
11/2/2023,CAR,NYR,27,26,away,1,0,0,,,1,1,0,1,,,2
11/2/2023,NYR,CAR,26,27,home,1,0,1,,,2,1,0,0,,,1
11/2/2023,LAK,OTT,38,26,away,1,2,0,,,3,0,1,1,,,2
11/2/2023,OTT,LAK,26,38,home,0,1,1,,,2,1,2,0,,,3
11/2/2023,NYI,WSH,21,32,away,2,1,0,,,3,0,0,0,,,0
11/2/2023,WSH,NYI,32,21,home,0,0,0,,,0,2,1,0,,,3
11/2/2023,NJD,MIN,38,25,away,2,1,2,,,5,0,1,2,,,3
11/2/2023,MIN,NJD,25,38,home,0,1,2,,,3,2,1,2,,,5
11/2/2023,DAL,EDM,27,49,away,1,2,1,,,4,1,0,2,,,3
11/2/2023,EDM,DAL,49,27,home,1,0,2,,,3,1,2,1,,,4
11/2/2023,MTL,ARI,30,35,away,1,0,1,,,2,1,1,1,,,3
11/2/2023,ARI,MTL,35,30,home,1,1,1,,,3,1,0,1,,,2
11/2/2023,NSH,SEA,34,31,away,1,1,0,,,2,2,1,1,,,4
11/2/2023,SEA,NSH,31,34,home,2,1,1,,,4,1,1,0,,,2
11/2/2023,WPG,VGK,31,26,away,0,1,1,,,2,1,2,2,,,5
11/2/2023,VGK,WPG,26,31,home,1,2,2,,,5,0,1,1,,,2
11/2/2023,VAN,SJS,33,31,away,4,4,2,,,10,0,0,1,,,1
11/2/2023,SJS,VAN,31,33,home,0,0,1,,,1,4,4,2,,,10
11/3/2023,PHI,BUF,19,22,away,3,1,1,,,5,0,0,1,,,1
11/3/2023,BUF,PHI,22,19,home,0,0,1,,,1,3,1,1,,,5
11/3/2023,NJD,STL,34,35,away,0,1,0,,,1,0,2,2,,,4
11/3/2023,STL,NJD,35,34,home,0,2,2,,,4,0,1,0,,,1
11/4/2023,NSH,EDM,34,35,away,1,3,1,,,5,1,1,0,,,2
11/4/2023,EDM,NSH,35,34,home,1,1,0,,,2,1,3,1,,,5
11/4/2023,WPG,ARI,27,25,away,0,3,2,,,5,1,2,0,,,3
11/4/2023,ARI,WPG,25,27,home,1,2,0,,,3,0,3,2,,,5
11/4/2023,BOS,DET,30,40,away,2,1,1,,,4,1,1,3,,,5
11/4/2023,DET,BOS,40,30,home,1,1,3,,,5,2,1,1,,,4
11/4/2023,TBL,OTT,37,28,away,1,3,2,,,6,1,0,3,,,4
11/4/2023,OTT,TBL,28,37,home,1,0,3,,,4,1,3,2,,,6
11/4/2023,LAK,PHI,30,24,away,2,2,1,,,5,0,0,0,,,0
11/4/2023,PHI,LAK,24,30,home,0,0,0,,,0,2,2,1,,,5
11/4/2023,MTL,STL,33,35,away,1,1,1,,,3,2,1,3,,,6
11/4/2023,STL,MTL,35,33,home,2,1,3,,,6,1,1,1,,,3
11/4/2023,BUF,TOR,41,29,away,1,2,3,,,6,1,1,2,,,4
11/4/2023,TOR,BUF,29,41,home,1,1,2,,,4,1,2,3,,,6
11/4/2023,CBJ,WSH,35,27,away,0,1,0,,,1,2,0,0,,,2
11/4/2023,WSH,CBJ,27,35,home,2,0,0,,,2,0,1,0,,,1
11/4/2023,FLA,CHI,40,24,away,0,0,2,,,2,3,1,1,,,5
11/4/2023,CHI,FLA,24,40,home,3,1,1,,,5,0,0,2,,,2
11/4/2023,CGY,SEA,31,20,away,1,1,4,,,6,2,0,1,,,3
11/4/2023,SEA,CGY,20,31,home,2,0,1,,,3,1,1,4,,,6
11/4/2023,PIT,SJS,35,26,away,2,5,3,,,10,0,1,1,,,2
11/4/2023,SJS,PIT,26,35,home,0,1,1,,,2,2,5,3,,,10
11/4/2023,DAL,VAN,27,28,away,0,0,0,,,0,0,2,0,,,2
11/4/2023,VAN,DAL,28,27,home,0,2,0,,,2,0,0,0,,,0
11/4/2023,COL,VGK,41,34,away,0,0,0,,,0,1,3,3,,,7
11/4/2023,VGK,COL,34,41,home,1,3,3,,,7,0,0,0,,,0
11/5/2023,NJD,CHI,41,34,away,2,0,2,,,4,1,0,1,,,2
11/5/2023,CHI,NJD,34,41,home,1,0,1,,,2,2,0,2,,,4
11/5/2023,VGK,ANA,32,23,away,1,1,0,,,2,0,0,4,,,4
11/5/2023,ANA,VGK,23,32,home,0,0,4,,,4,1,1,0,,,2
11/6/2023,BOS,DAL,29,37,away,2,0,1,,,3,0,0,2,,,2
11/6/2023,DAL,BOS,37,29,home,0,0,2,,,2,2,0,1,,,3
11/6/2023,EDM,VAN,43,36,away,1,1,0,,,2,3,1,2,,,6
11/6/2023,VAN,EDM,36,43,home,3,1,2,,,6,1,1,0,,,2
11/7/2023,TBL,MTL,32,26,away,4,0,1,,,5,0,0,3,,,3
11/7/2023,MTL,TBL,26,32,home,0,0,3,,,3,4,0,1,,,5
11/7/2023,MIN,NYI,31,29,away,1,1,2,,,4,1,1,0,,,2
11/7/2023,NYI,MIN,29,31,home,1,1,0,,,2,1,1,2,,,4
11/7/2023,DET,NYR,28,32,away,0,0,3,,,3,1,4,0,,,5
11/7/2023,NYR,DET,32,28,home,1,4,0,,,5,0,0,3,,,3
11/7/2023,WPG,STL,37,22,away,2,1,2,,,5,1,0,1,,,2
11/7/2023,STL,WPG,22,37,home,1,0,1,,,2,2,1,2,,,5
11/7/2023,NSH,CGY,18,39,away,2,0,0,,,2,0,1,3,,,4
11/7/2023,CGY,NSH,39,18,home,0,1,3,,,4,2,0,0,,,2
11/7/2023,PIT,ANA,36,31,away,1,0,1,,,2,0,0,0,,,0
11/7/2023,ANA,PIT,31,36,home,0,0,0,,,0,1,0,1,,,2
11/7/2023,NJD,COL,23,32,away,1,2,0,,,3,1,2,3,,,6
11/7/2023,COL,NJD,32,23,home,1,2,3,,,6,1,2,0,,,3
11/7/2023,PHI,SJS,39,19,away,0,1,0,,,1,1,1,0,,,2
11/7/2023,SJS,PHI,19,39,home,1,1,0,,,2,0,1,0,,,1
11/8/2023,OTT,TOR,31,30,away,1,2,3,,,6,1,1,1,,,3
11/8/2023,TOR,OTT,30,31,home,1,1,1,,,3,1,2,3,,,6
11/8/2023,LAK,VGK,33,38,away,0,2,2,,,4,0,0,1,,,1
11/8/2023,VGK,LAK,38,33,home,0,0,1,,,1,0,2,2,,,4
11/9/2023,NYI,BOS,29,35,away,1,0,1,,,2,1,1,3,,,5
11/9/2023,BOS,NYI,35,29,home,1,1,3,,,5,1,0,1,,,2
11/9/2023,DAL,CBJ,31,29,away,1,2,2,,,5,2,0,0,,,2
11/9/2023,CBJ,DAL,29,31,home,2,0,0,,,2,1,2,2,,,5
11/9/2023,MIN,NYR,26,28,away,0,1,0,,,1,1,0,3,,,4
11/9/2023,NYR,MIN,28,26,home,1,0,3,,,4,0,1,0,,,1
11/9/2023,VAN,OTT,16,30,away,2,1,2,,,5,1,1,0,,,2
11/9/2023,OTT,VAN,30,16,home,1,1,0,,,2,2,1,2,,,5
11/9/2023,CHI,TBL,29,33,away,4,1,0,,,5,2,0,1,,,3
11/9/2023,TBL,CHI,33,29,home,2,0,1,,,3,4,1,0,,,5
11/9/2023,ARI,STL,20,33,away,1,0,0,,,1,1,1,0,,,2
11/9/2023,STL,ARI,33,20,home,1,1,0,,,2,1,0,0,,,1
11/9/2023,NSH,WPG,23,37,away,1,1,1,,,3,1,3,2,,,6
11/9/2023,WPG,NSH,37,23,home,1,3,2,,,6,1,1,1,,,3
11/9/2023,SEA,COL,22,26,away,1,2,1,,,4,0,2,1,,,3
11/9/2023,COL,SEA,26,22,home,0,2,1,,,3,1,2,1,,,4
11/9/2023,EDM,SJS,41,18,away,0,1,1,,,2,1,1,1,,,3
11/9/2023,SJS,EDM,18,41,home,1,1,1,,,3,0,1,1,,,2
11/10/2023,MIN,BUF,35,25,away,1,0,1,,,2,1,1,1,,,3
11/10/2023,BUF,MIN,25,35,home,1,1,1,,,3,1,0,1,,,2
11/10/2023,CAR,FLA,30,35,away,1,1,0,,,2,2,1,2,,,5
11/10/2023,FLA,CAR,35,30,home,2,1,2,,,5,1,1,0,,,2
11/10/2023,WSH,NJD,27,26,away,2,1,1,,,4,0,0,2,,,2
11/10/2023,NJD,WSH,26,27,home,0,0,2,,,2,2,1,1,,,4
11/10/2023,PHI,ANA,36,38,away,2,1,3,,,6,0,1,2,,,3
11/10/2023,ANA,PHI,38,36,home,0,1,2,,,3,2,1,3,,,6
11/10/2023,SJS,VGK,20,39,away,0,0,0,,,0,2,0,3,,,5
11/10/2023,VGK,SJS,39,20,home,2,0,3,,,5,0,0,0,,,0
11/11/2023,CBJ,DET,22,28,away,2,1,1,,,4,2,2,1,,,5
11/11/2023,DET,CBJ,28,22,home,2,2,1,,,5,2,1,1,,,4
11/11/2023,DAL,WPG,29,33,away,0,3,0,,,3,0,1,1,,,2
11/11/2023,WPG,DAL,33,29,home,0,1,1,,,2,0,3,0,,,3
11/11/2023,CGY,OTT,25,38,away,0,1,0,,,1,1,1,2,,,4
11/11/2023,OTT,CGY,38,25,home,1,1,2,,,4,0,1,0,,,1
11/11/2023,CAR,TBL,32,22,away,1,1,2,,,4,0,0,0,,,0
11/11/2023,TBL,CAR,22,32,home,0,0,0,,,0,1,1,2,,,4
11/11/2023,VAN,TOR,33,22,away,2,0,0,,,2,1,2,2,,,5
11/11/2023,TOR,VAN,22,33,home,1,2,2,,,5,2,0,0,,,2
11/11/2023,WSH,NYI,28,37,away,1,2,1,,,4,1,0,0,,,1
11/11/2023,NYI,WSH,37,28,home,1,0,0,,,1,1,2,1,,,4
11/11/2023,BUF,PIT,35,39,away,0,0,0,,,0,1,1,2,,,4
11/11/2023,PIT,BUF,39,35,home,1,1,2,,,4,0,0,0,,,0
11/11/2023,ARI,NSH,25,42,away,2,3,2,,,7,3,1,1,,,5
11/11/2023,NSH,ARI,42,25,home,3,1,1,,,5,2,3,2,,,7
11/11/2023,STL,COL,42,38,away,3,1,4,,,8,0,1,1,,,2
11/11/2023,COL,STL,38,42,home,0,1,1,,,2,3,1,4,,,8
11/11/2023,EDM,SEA,26,18,away,4,0,0,,,4,0,0,1,,,1
11/11/2023,SEA,EDM,18,26,home,0,0,1,,,1,4,0,0,,,4
11/11/2023,PHI,LAK,26,37,away,1,2,1,,,4,0,1,1,,,2
11/11/2023,LAK,PHI,37,26,home,0,1,1,,,2,1,2,1,,,4
11/12/2023,CHI,FLA,26,31,away,2,1,0,,,3,2,1,1,,,4
11/12/2023,FLA,CHI,31,26,home,2,1,1,,,4,2,1,0,,,3
11/12/2023,DAL,MIN,37,26,away,3,2,3,,,8,2,1,0,,,3
11/12/2023,MIN,DAL,26,37,home,2,1,0,,,3,3,2,3,,,8
11/12/2023,VAN,MTL,37,32,away,0,3,2,,,5,0,0,2,,,2
11/12/2023,MTL,VAN,32,37,home,0,0,2,,,2,0,3,2,,,5
11/12/2023,SJS,ANA,26,44,away,1,0,0,,,1,2,0,2,,,4
11/12/2023,ANA,SJS,44,26,home,2,0,2,,,4,1,0,0,,,1
11/13/2023,NYI,EDM,33,32,away,1,0,0,,,1,1,0,3,,,4
11/13/2023,EDM,NYI,32,33,home,1,0,3,,,4,1,0,0,,,1
11/13/2023,COL,SEA,31,19,away,0,2,3,,,5,1,0,0,,,1
11/13/2023,SEA,COL,19,31,home,1,0,0,,,1,0,2,3,,,5
11/14/2023,BOS,BUF,32,34,away,3,2,0,,,5,0,1,1,,,2
11/14/2023,BUF,BOS,34,32,home,0,1,1,,,2,3,2,0,,,5
11/14/2023,PIT,CBJ,41,30,away,1,1,3,,,5,2,0,1,,,3
11/14/2023,CBJ,PIT,30,41,home,2,0,1,,,3,1,1,3,,,5
11/14/2023,CGY,MTL,29,35,away,0,2,0,,,2,0,1,0,,,1
11/14/2023,MTL,CGY,35,29,home,0,1,0,,,1,0,2,0,,,2
11/14/2023,VGK,WSH,35,31,away,0,0,0,,,0,1,0,2,,,3
11/14/2023,WSH,VGK,31,35,home,1,0,2,,,3,0,0,0,,,0
11/14/2023,ANA,NSH,20,30,away,0,1,2,,,3,0,2,0,,,2
11/14/2023,NSH,ANA,30,20,home,0,2,0,,,2,0,1,2,,,3
11/14/2023,TBL,STL,30,29,away,0,0,0,,,0,1,2,2,,,5
11/14/2023,STL,TBL,29,30,home,1,2,2,,,5,0,0,0,,,0
11/14/2023,NJD,WPG,34,31,away,0,2,1,,,3,0,3,3,,,6
11/14/2023,WPG,NJD,31,34,home,0,3,3,,,6,0,2,1,,,3
11/14/2023,FLA,SJS,31,22,away,1,1,3,,,5,1,0,2,,,3
11/14/2023,SJS,FLA,22,31,home,1,0,2,,,3,1,1,3,,,5
11/15/2023,PHI,CAR,24,32,away,2,1,0,,,3,0,1,0,,,1
11/15/2023,CAR,PHI,32,24,home,0,1,0,,,1,2,1,0,,,3
11/15/2023,ANA,COL,17,38,away,1,0,1,,,2,2,1,5,,,8
11/15/2023,COL,ANA,38,17,home,2,1,5,,,8,1,0,1,,,2
11/16/2023,ARI,CBJ,32,41,away,0,1,2,,,3,0,1,1,,,2
11/16/2023,CBJ,ARI,41,32,home,0,1,1,,,2,0,1,2,,,3
11/16/2023,VGK,MTL,42,28,away,0,4,2,,,6,2,2,1,,,5
11/16/2023,MTL,VGK,28,42,home,2,2,1,,,5,0,4,2,,,6
11/16/2023,NJD,PIT,31,23,away,1,1,3,,,5,1,1,0,,,2
11/16/2023,PIT,NJD,23,31,home,1,1,0,,,2,1,1,3,,,5
11/16/2023,TBL,CHI,32,14,away,0,2,2,,,4,1,0,1,,,2
11/16/2023,CHI,TBL,14,32,home,1,0,1,,,2,0,2,2,,,4
11/16/2023,VAN,CGY,22,39,away,1,0,1,,,2,1,2,2,,,5
11/16/2023,CGY,VAN,39,22,home,1,2,2,,,5,1,0,1,,,2
11/16/2023,FLA,LAK,31,27,away,0,0,1,,,1,1,1,0,,,2
11/16/2023,LAK,FLA,27,31,home,1,1,0,,,2,0,0,1,,,1
11/16/2023,STL,SJS,45,35,away,0,0,1,,,1,1,4,0,,,5
11/16/2023,SJS,STL,35,45,home,1,4,0,,,5,0,0,1,,,1
11/17/2023,TOR,DET,29,29,away,0,0,3,,,3,0,2,0,,,2
11/17/2023,DET,TOR,29,29,home,0,2,0,,,2,0,0,3,,,3
11/17/2023,BUF,WPG,28,18,away,0,1,1,,,2,0,3,0,,,3
11/17/2023,WPG,BUF,18,28,home,0,3,0,,,3,0,1,1,,,2
11/17/2023,FLA,ANA,35,35,away,2,0,0,,,2,0,0,1,,,1
11/17/2023,ANA,FLA,35,35,home,0,0,1,,,1,2,0,0,,,2
11/18/2023,CHI,NSH,31,31,away,0,1,1,,,2,2,1,1,,,4
11/18/2023,NSH,CHI,31,31,home,2,1,1,,,4,0,1,1,,,2
11/18/2023,EDM,TBL,42,24,away,2,1,1,,,4,1,1,4,,,6
11/18/2023,TBL,EDM,24,42,home,1,1,4,,,6,2,1,1,,,4
11/18/2023,MTL,BOS,22,44,away,0,1,1,,,2,2,2,1,,,5
11/18/2023,BOS,MTL,44,22,home,2,2,1,,,5,0,1,1,,,2
11/18/2023,PIT,CAR,28,34,away,1,0,1,,,2,0,1,3,,,4
11/18/2023,CAR,PIT,34,28,home,0,1,3,,,4,1,0,1,,,2
11/18/2023,NYR,NJD,35,33,away,2,0,3,,,5,2,0,1,,,3
11/18/2023,NJD,NYR,33,35,home,2,0,1,,,3,2,0,3,,,5
11/18/2023,ARI,WPG,18,26,away,1,1,0,,,2,2,1,2,,,5
11/18/2023,WPG,ARI,26,18,home,2,1,2,,,5,1,1,0,,,2
11/18/2023,CBJ,WSH,36,26,away,0,1,2,,,3,0,3,1,,,4
11/18/2023,WSH,CBJ,26,36,home,0,3,1,,,4,0,1,2,,,3
11/18/2023,COL,DAL,38,28,away,0,2,4,,,6,2,1,0,,,3
11/18/2023,DAL,COL,28,38,home,2,1,0,,,3,0,2,4,,,6
11/18/2023,SEA,VAN,26,24,away,0,2,2,,,4,1,1,1,,,3
11/18/2023,VAN,SEA,24,26,home,1,1,1,,,3,0,2,2,,,4
11/18/2023,STL,LAK,30,31,away,0,0,1,,,1,4,1,0,,,5
11/18/2023,LAK,STL,31,30,home,4,1,0,,,5,0,0,1,,,1
11/19/2023,CBJ,PHI,22,27,away,1,1,0,,,2,1,2,2,,,5
11/19/2023,PHI,CBJ,27,22,home,1,2,2,,,5,1,1,0,,,2
11/19/2023,VGK,PIT,38,32,away,0,0,0,,,0,1,1,1,,,3
11/19/2023,PIT,VGK,32,38,home,1,1,1,,,3,0,0,0,,,0
11/19/2023,BUF,CHI,20,26,away,1,1,1,,,3,0,2,0,,,2
11/19/2023,CHI,BUF,26,20,home,0,2,0,,,2,1,1,1,,,3
11/19/2023,STL,ANA,32,31,away,2,1,0,,,3,0,1,0,,,1
11/19/2023,ANA,STL,31,32,home,0,1,0,,,1,2,1,0,,,3
11/20/2023,EDM,FLA,29,33,away,2,1,0,,,3,2,2,1,,,5
11/20/2023,FLA,EDM,33,29,home,2,2,1,,,5,2,1,0,,,3
11/20/2023,NYR,DAL,33,36,away,1,1,1,,,3,0,1,5,,,6
11/20/2023,DAL,NYR,36,33,home,0,1,5,,,6,1,1,1,,,3
11/20/2023,COL,NSH,29,30,away,1,2,0,,,3,1,1,2,,,4
11/20/2023,NSH,COL,30,29,home,1,1,2,,,4,1,2,0,,,3
11/20/2023,LAK,ARI,25,31,away,2,1,1,,,4,0,1,0,,,1
11/20/2023,ARI,LAK,31,25,home,0,1,0,,,1,2,1,1,,,4
11/20/2023,SJS,VAN,28,37,away,0,0,1,,,1,0,2,1,,,3
11/20/2023,VAN,SJS,37,28,home,0,2,1,,,3,0,0,1,,,1
11/22/2023,EDM,CAR,23,27,away,1,1,1,,,3,4,1,1,,,6
11/22/2023,CAR,EDM,27,23,home,4,1,1,,,6,1,1,1,,,3
11/22/2023,CHI,CBJ,36,26,away,1,0,2,,,3,3,4,0,,,7
11/22/2023,CBJ,CHI,26,36,home,3,4,0,,,7,1,0,2,,,3
11/22/2023,NJD,DET,16,28,away,0,0,0,,,0,3,1,0,,,4
11/22/2023,DET,NJD,28,16,home,3,1,0,,,4,0,0,0,,,0
11/22/2023,BOS,FLA,25,28,away,1,2,0,,,3,0,1,0,,,1
11/22/2023,FLA,BOS,28,25,home,0,1,0,,,1,1,2,0,,,3
11/22/2023,NYR,PIT,36,32,away,1,0,0,,,1,0,0,0,,,0
11/22/2023,PIT,NYR,32,36,home,0,0,0,,,0,1,0,0,,,1
11/22/2023,PHI,NYI,36,25,away,0,1,1,,,2,1,1,1,,,3
11/22/2023,NYI,PHI,25,36,home,1,1,1,,,3,0,1,1,,,2
11/22/2023,STL,ARI,31,25,away,2,3,1,,,6,2,3,0,,,5
11/22/2023,ARI,STL,25,31,home,2,3,0,,,5,2,3,1,,,6
11/22/2023,CGY,NSH,26,45,away,1,0,1,,,2,2,0,2,,,4
11/22/2023,NSH,CGY,45,26,home,2,0,2,,,4,1,0,1,,,2
11/22/2023,MTL,ANA,28,33,away,2,1,1,,,4,0,2,1,,,3
11/22/2023,ANA,MTL,33,28,home,0,2,1,,,3,2,1,1,,,4
11/22/2023,VAN,COL,29,25,away,1,1,0,,,2,2,0,3,,,5
11/22/2023,COL,VAN,25,29,home,2,0,3,,,5,1,1,0,,,2
11/22/2023,SJS,SEA,14,30,away,0,0,1,,,1,4,1,2,,,7
11/22/2023,SEA,SJS,30,14,home,4,1,2,,,7,0,0,1,,,1
11/24/2023,DET,BOS,28,27,away,2,1,2,,,5,0,1,1,,,2
11/24/2023,BOS,DET,27,28,home,0,1,1,,,2,2,1,2,,,5
11/24/2023,NYR,PHI,19,37,away,2,1,0,,,3,0,1,0,,,1
11/24/2023,PHI,NYR,37,19,home,0,1,0,,,1,2,1,0,,,3
11/24/2023,CBJ,NJD,28,38,away,2,0,0,,,2,1,0,0,,,1
11/24/2023,NJD,CBJ,38,28,home,1,0,0,,,1,2,0,0,,,2
11/24/2023,NSH,STL,35,39,away,3,4,1,,,8,1,1,1,,,3
11/24/2023,STL,NSH,39,35,home,1,1,1,,,3,3,4,1,,,8
11/24/2023,EDM,WSH,35,25,away,2,3,0,,,5,0,0,0,,,0
11/24/2023,WSH,EDM,25,35,home,0,0,0,,,0,2,3,0,,,5
11/24/2023,LAK,ANA,31,31,away,2,2,1,,,5,0,1,1,,,2
11/24/2023,ANA,LAK,31,31,home,0,1,1,,,2,2,2,1,,,5
11/24/2023,PIT,BUF,33,34,away,1,1,0,,,2,0,0,3,,,3
11/24/2023,BUF,PIT,34,33,home,0,0,3,,,3,1,1,0,,,2
11/24/2023,NYI,OTT,26,31,away,1,3,1,,,5,1,2,0,,,3
11/24/2023,OTT,NYI,31,26,home,1,2,0,,,3,1,3,1,,,5
11/24/2023,TBL,CAR,14,24,away,0,3,5,,,8,1,1,0,,,2
11/24/2023,CAR,TBL,24,14,home,1,1,0,,,2,0,3,5,,,8
11/24/2023,WPG,FLA,31,33,away,1,0,2,,,3,0,0,0,,,0
11/24/2023,FLA,WPG,33,31,home,0,0,0,,,0,1,0,2,,,3
11/24/2023,CGY,DAL,27,28,away,1,2,4,,,7,2,2,0,,,4
11/24/2023,DAL,CGY,28,27,home,2,2,0,,,4,1,2,4,,,7
11/24/2023,COL,MIN,25,21,away,1,1,1,,,3,0,2,0,,,2
11/24/2023,MIN,COL,21,25,home,0,2,0,,,2,1,1,1,,,3
11/24/2023,VAN,SEA,27,24,away,1,1,3,,,5,0,1,0,,,1
11/24/2023,SEA,VAN,24,27,home,0,1,0,,,1,1,1,3,,,5
11/25/2023,BOS,NYR,31,40,away,2,1,1,,,4,3,2,2,,,7
11/25/2023,NYR,BOS,40,31,home,3,2,2,,,7,2,1,1,,,4
11/25/2023,MTL,LAK,18,30,away,0,0,0,,,0,1,1,2,,,4
11/25/2023,LAK,MTL,30,18,home,1,1,2,,,4,0,0,0,,,0
11/25/2023,BUF,NJD,12,37,away,0,1,1,,,2,4,1,2,,,7
11/25/2023,NJD,BUF,37,12,home,4,1,2,,,7,0,1,1,,,2
11/25/2023,TOR,PIT,33,35,away,2,0,0,,,2,1,2,0,,,3
11/25/2023,PIT,TOR,35,33,home,1,2,0,,,3,2,0,0,,,2
11/25/2023,CGY,COL,30,24,away,0,1,0,,,1,1,2,0,,,3
11/25/2023,COL,CGY,24,30,home,1,2,0,,,3,0,1,0,,,1
11/25/2023,VAN,SJS,33,22,away,1,1,1,,,3,1,1,2,,,4
11/25/2023,SJS,VAN,22,33,home,1,1,2,,,4,1,1,1,,,3
11/25/2023,ARI,VGK,18,34,away,0,0,2,,,2,0,0,0,,,0
11/25/2023,VGK,ARI,34,18,home,0,0,0,,,0,0,0,2,,,2
11/26/2023,MIN,DET,38,23,away,1,0,0,,,1,1,1,2,,,4
11/26/2023,DET,MIN,23,38,home,1,1,2,,,4,1,0,0,,,1
11/26/2023,STL,CHI,28,33,away,3,0,1,,,4,1,0,1,,,2
11/26/2023,CHI,STL,33,28,home,1,0,1,,,2,3,0,1,,,4
11/26/2023,CBJ,CAR,23,43,away,0,0,2,,,2,0,0,3,,,3
11/26/2023,CAR,CBJ,43,23,home,0,0,3,,,3,0,0,2,,,2
11/26/2023,WPG,NSH,34,26,away,0,0,2,,,2,1,2,0,,,3
11/26/2023,NSH,WPG,26,34,home,1,2,0,,,3,0,0,2,,,2
11/26/2023,ANA,EDM,23,26,away,2,0,0,,,2,4,2,2,,,8
11/26/2023,EDM,ANA,26,23,home,4,2,2,,,8,2,0,0,,,2
11/27/2023,BOS,CBJ,33,40,away,0,0,2,,,2,1,2,2,,,5
11/27/2023,CBJ,BOS,40,33,home,1,2,2,,,5,0,0,2,,,2
11/27/2023,BUF,NYR,39,26,away,1,1,3,,,5,0,0,1,,,1
11/27/2023,NYR,BUF,26,39,home,0,0,1,,,1,1,1,3,,,5
11/27/2023,FLA,OTT,37,20,away,1,2,2,,,5,0,0,0,,,0
11/27/2023,OTT,FLA,20,37,home,0,0,0,,,0,1,2,2,,,5
11/27/2023,TBL,COL,39,23,away,0,1,0,,,1,1,2,1,,,4
11/27/2023,COL,TBL,23,39,home,1,2,1,,,4,0,1,0,,,1
11/27/2023,WSH,SJS,34,23,away,0,1,0,,,1,1,0,1,,,2
11/27/2023,SJS,WSH,23,34,home,1,0,1,,,2,0,1,0,,,1
11/28/2023,NYI,NJD,26,33,away,1,3,0,,,4,1,1,3,,,5
11/28/2023,NJD,NYI,33,26,home,1,1,3,,,5,1,3,0,,,4
11/28/2023,CAR,PHI,36,29,away,1,1,2,,,4,0,1,0,,,1
11/28/2023,PHI,CAR,29,36,home,0,1,0,,,1,1,1,2,,,4
11/28/2023,STL,MIN,24,37,away,1,0,0,,,1,2,0,1,,,3
11/28/2023,MIN,STL,37,24,home,2,0,1,,,3,1,0,0,,,1
11/28/2023,DAL,WPG,21,27,away,0,1,1,,,2,0,0,0,,,0
11/28/2023,WPG,DAL,27,21,home,0,0,0,,,0,0,1,1,,,2
11/28/2023,SEA,CHI,36,23,away,2,0,1,,,3,2,2,0,,,4
11/28/2023,CHI,SEA,23,36,home,2,2,0,,,4,2,0,1,,,3
11/28/2023,TBL,ARI,31,27,away,0,1,0,,,1,1,1,1,,,3
11/28/2023,ARI,TBL,27,31,home,1,1,1,,,3,0,1,0,,,1
11/28/2023,ANA,VAN,31,27,away,0,1,0,,,1,1,0,2,,,3
11/28/2023,VAN,ANA,27,31,home,1,0,2,,,3,0,1,0,,,1
11/29/2023,MTL,CBJ,31,28,away,0,2,2,,,4,0,2,0,,,2
11/29/2023,CBJ,MTL,28,31,home,0,2,0,,,2,0,2,2,,,4
11/29/2023,DET,NYR,27,41,away,0,2,0,,,2,0,1,2,,,3
11/29/2023,NYR,DET,41,27,home,0,1,2,,,3,0,2,0,,,2
11/29/2023,WSH,LAK,15,30,away,1,1,0,,,2,1,0,0,,,1
11/29/2023,LAK,WSH,30,15,home,1,0,0,,,1,1,1,0,,,2
11/30/2023,SJS,BOS,26,37,away,0,0,0,,,0,0,2,1,,,3
11/30/2023,BOS,SJS,37,26,home,0,2,1,,,3,0,0,0,,,0
11/30/2023,CHI,DET,35,29,away,1,0,0,,,1,2,2,1,,,5
11/30/2023,DET,CHI,29,35,home,2,2,1,,,5,1,0,0,,,1
11/30/2023,FLA,MTL,29,22,away,0,1,4,,,5,0,0,1,,,1
11/30/2023,MTL,FLA,22,29,home,0,0,1,,,1,0,1,4,,,5
11/30/2023,PIT,TBL,29,41,away,0,2,2,,,4,2,0,0,,,2
11/30/2023,TBL,PIT,41,29,home,2,0,0,,,2,0,2,2,,,4
11/30/2023,MIN,NSH,31,27,away,3,2,1,,,6,0,0,1,,,1
11/30/2023,NSH,MIN,27,31,home,0,0,1,,,1,3,2,1,,,6
11/30/2023,BUF,STL,46,20,away,1,2,1,,,4,3,2,1,,,6
11/30/2023,STL,BUF,20,46,home,3,2,1,,,6,1,2,1,,,4
11/30/2023,EDM,WPG,39,26,away,0,0,3,,,3,1,0,0,,,1
11/30/2023,WPG,EDM,26,39,home,1,0,0,,,1,0,0,3,,,3
11/30/2023,WSH,ANA,26,32,away,4,0,1,,,5,2,0,2,,,4
11/30/2023,ANA,WSH,32,26,home,2,0,2,,,4,4,0,1,,,5
11/30/2023,VGK,VAN,44,22,away,2,1,1,,,4,0,0,1,,,1
11/30/2023,VAN,VGK,22,44,home,0,0,1,,,1,2,1,1,,,4
12/1/2023,OTT,CBJ,43,23,away,2,0,0,,,2,2,2,0,,,4
12/1/2023,CBJ,OTT,23,43,home,2,2,0,,,4,2,0,0,,,2
12/1/2023,SJS,NJD,18,47,away,1,2,3,,,6,1,0,2,,,3
12/1/2023,NJD,SJS,47,18,home,1,0,2,,,3,1,2,3,,,6
12/2/2023,TBL,DAL,33,34,away,1,0,0,,,1,3,3,2,,,8
12/2/2023,DAL,TBL,34,33,home,3,3,2,,,8,1,0,0,,,1
12/2/2023,CHI,WPG,21,28,away,1,0,0,,,1,1,1,1,,,3
12/2/2023,WPG,CHI,28,21,home,1,1,1,,,3,1,0,0,,,1
12/2/2023,NYR,NSH,27,41,away,0,3,1,,,4,2,1,0,,,3
12/2/2023,NSH,NYR,41,27,home,2,1,0,,,3,0,3,1,,,4
12/2/2023,NYI,FLA,27,45,away,1,2,1,,,4,1,1,1,,,3
12/2/2023,FLA,NYI,45,27,home,1,1,1,,,3,1,2,1,,,4
12/2/2023,BUF,CAR,22,35,away,0,0,2,,,2,2,3,1,,,6
12/2/2023,CAR,BUF,35,22,home,2,3,1,,,6,0,0,2,,,2
12/2/2023,SEA,OTT,39,28,away,0,0,0,,,0,1,1,0,,,2
12/2/2023,OTT,SEA,28,39,home,1,1,0,,,2,0,0,0,,,0
12/2/2023,STL,ARI,32,22,away,0,0,1,,,1,3,0,1,,,4
12/2/2023,ARI,STL,22,32,home,3,0,1,,,4,0,0,1,,,1
12/2/2023,VAN,CGY,22,23,away,2,1,1,,,4,1,0,2,,,3
12/2/2023,CGY,VAN,23,22,home,1,0,2,,,3,2,1,1,,,4
12/2/2023,WSH,VGK,22,36,away,0,0,1,,,1,1,1,2,,,4
12/2/2023,VGK,WSH,36,22,home,1,1,2,,,4,0,0,1,,,1
12/3/2023,CHI,MIN,29,34,away,0,0,1,,,1,3,1,0,,,4
12/3/2023,MIN,CHI,34,29,home,3,1,0,,,4,0,0,1,,,1
12/3/2023,SJS,NYR,28,36,away,2,1,2,,,5,3,1,2,,,6
12/3/2023,NYR,SJS,36,28,home,3,1,2,,,6,2,1,2,,,5
12/3/2023,CBJ,BOS,25,28,away,0,1,0,,,1,0,0,3,,,3
12/3/2023,BOS,CBJ,28,25,home,0,0,3,,,3,0,1,0,,,1
12/3/2023,NSH,BUF,29,35,away,2,0,0,,,2,0,1,0,,,1
12/3/2023,BUF,NSH,35,29,home,0,1,0,,,1,2,0,0,,,2
12/3/2023,COL,LAK,21,38,away,1,0,0,,,1,0,1,3,,,4
12/3/2023,LAK,COL,38,21,home,0,1,3,,,4,1,0,0,,,1
12/4/2023,DAL,TBL,25,23,away,0,0,0,,,0,2,0,2,,,4
12/4/2023,TBL,DAL,23,25,home,2,0,2,,,4,0,0,0,,,0
12/4/2023,SEA,MTL,33,30,away,0,1,1,,,2,1,2,1,,,4
12/4/2023,MTL,SEA,30,33,home,1,2,1,,,4,0,1,1,,,2
12/4/2023,CAR,WPG,43,22,away,0,1,0,,,1,1,1,0,,,2
12/4/2023,WPG,CAR,22,43,home,1,1,0,,,2,0,1,0,,,1
12/4/2023,WSH,ARI,26,27,away,0,0,0,,,0,5,1,0,,,6
12/4/2023,ARI,WSH,27,26,home,5,1,0,,,6,0,0,0,,,0
12/5/2023,DET,BUF,27,32,away,2,2,1,,,5,0,1,2,,,3
12/5/2023,BUF,DET,32,27,home,0,1,2,,,3,2,2,1,,,5
12/5/2023,NYR,OTT,35,36,away,0,2,0,,,2,2,3,1,,,6
12/5/2023,OTT,NYR,36,35,home,2,3,1,,,6,0,2,0,,,2
12/5/2023,MIN,CGY,29,30,away,1,3,1,,,5,0,1,1,,,2
12/5/2023,CGY,MIN,30,29,home,0,1,1,,,2,1,3,1,,,5
12/5/2023,ANA,COL,33,30,away,0,0,2,,,2,1,1,1,,,3
12/5/2023,COL,ANA,30,33,home,1,1,1,,,3,0,0,2,,,2
12/5/2023,NJD,VAN,32,33,away,4,1,1,,,6,2,0,3,,,5
12/5/2023,VAN,NJD,33,32,home,2,0,3,,,5,4,1,1,,,6
12/6/2023,DAL,FLA,33,31,away,1,0,3,,,4,2,1,2,,,5
12/6/2023,FLA,DAL,31,33,home,2,1,2,,,5,1,0,3,,,4
12/6/2023,PIT,TBL,25,27,away,0,0,1,,,1,1,2,0,,,3
12/6/2023,TBL,PIT,27,25,home,1,2,0,,,3,0,0,1,,,1
12/6/2023,VGK,STL,49,29,away,1,4,1,,,6,3,0,0,,,3
12/6/2023,STL,VGK,29,49,home,3,0,0,,,3,1,4,1,,,6
12/6/2023,CAR,EDM,39,34,away,0,0,1,,,1,4,1,1,,,6
12/6/2023,EDM,CAR,34,39,home,4,1,1,,,6,0,0,1,,,1
12/7/2023,BUF,BOS,35,30,away,0,2,1,,,3,0,1,0,,,1
12/7/2023,BOS,BUF,30,35,home,0,1,0,,,1,0,2,1,,,3
12/7/2023,LAK,MTL,42,24,away,2,1,1,,,4,0,0,0,,,0
12/7/2023,MTL,LAK,24,42,home,0,0,0,,,0,2,1,1,,,4
12/7/2023,TOR,OTT,22,41,away,0,2,2,,,4,1,0,2,,,3
12/7/2023,OTT,TOR,41,22,home,1,0,2,,,3,0,2,2,,,4
12/7/2023,CBJ,NYI,35,36,away,0,2,1,,,3,1,3,3,,,7
12/7/2023,NYI,CBJ,36,35,home,1,3,3,,,7,0,2,1,,,3
12/7/2023,TBL,NSH,33,30,away,1,0,0,,,1,1,2,2,,,5
12/7/2023,NSH,TBL,30,33,home,1,2,2,,,5,1,0,0,,,1
12/7/2023,ANA,CHI,37,25,away,0,0,0,,,0,0,1,0,,,1
12/7/2023,CHI,ANA,25,37,home,0,1,0,,,1,0,0,0,,,0
12/7/2023,PHI,ARI,26,26,away,2,1,1,,,4,1,0,0,,,1
12/7/2023,ARI,PHI,26,26,home,1,0,0,,,1,2,1,1,,,4
12/7/2023,CAR,CGY,30,27,away,2,0,0,,,2,0,0,3,,,3
12/7/2023,CGY,CAR,27,30,home,0,0,3,,,3,2,0,0,,,2
12/7/2023,WPG,COL,28,34,away,1,2,1,,,4,0,2,0,,,2
12/7/2023,COL,WPG,34,28,home,0,2,0,,,2,1,2,1,,,4
12/7/2023,NJD,SEA,17,38,away,1,1,0,,,2,0,1,0,,,1
12/7/2023,SEA,NJD,38,17,home,0,1,0,,,1,1,1,0,,,2
12/7/2023,MIN,VAN,26,17,away,0,0,0,,,0,1,0,1,,,2
12/7/2023,VAN,MIN,17,26,home,1,0,1,,,2,0,0,0,,,0
12/8/2023,STL,CBJ,43,22,away,1,0,1,,,2,2,0,3,,,5
12/8/2023,CBJ,STL,22,43,home,2,0,3,,,5,1,0,1,,,2
12/8/2023,PIT,FLA,27,33,away,0,1,0,,,1,0,1,2,,,3
12/8/2023,FLA,PIT,33,27,home,0,1,2,,,3,0,1,0,,,1
12/8/2023,MIN,EDM,20,40,away,0,3,0,,,3,1,2,1,,,4
12/8/2023,EDM,MIN,40,20,home,1,2,1,,,4,0,3,0,,,3
12/9/2023,ARI,BOS,34,29,away,0,2,1,,,3,2,2,1,,,5
12/9/2023,BOS,ARI,29,34,home,2,2,1,,,5,0,2,1,,,3
12/9/2023,NJD,CGY,30,25,away,0,2,2,,,4,1,0,1,,,2
12/9/2023,CGY,NJD,25,30,home,1,0,1,,,2,0,2,2,,,4
12/9/2023,VGK,DAL,27,20,away,3,1,2,,,6,1,0,0,,,1
12/9/2023,DAL,VGK,20,27,home,1,0,0,,,1,3,1,2,,,6
12/9/2023,OTT,DET,37,31,away,1,3,1,,,5,1,0,0,,,1
12/9/2023,DET,OTT,31,37,home,1,0,0,,,1,1,3,1,,,5
12/9/2023,NSH,TOR,18,37,away,0,0,0,,,0,0,2,2,,,4
12/9/2023,TOR,NSH,37,18,home,0,2,2,,,4,0,0,0,,,0
12/9/2023,NYR,WSH,31,29,away,0,0,0,,,0,1,3,0,,,4
12/9/2023,WSH,NYR,29,31,home,1,3,0,,,4,0,0,0,,,0
12/9/2023,STL,CHI,39,24,away,0,0,1,,,1,2,1,0,,,3
12/9/2023,CHI,STL,24,39,home,2,1,0,,,3,0,0,1,,,1
12/9/2023,PHI,COL,34,38,away,1,2,2,,,5,1,1,0,,,2
12/9/2023,COL,PHI,38,34,home,1,1,0,,,2,1,2,2,,,5
12/9/2023,CAR,VAN,24,24,away,0,2,1,,,3,1,2,1,,,4
12/9/2023,VAN,CAR,24,24,home,1,2,1,,,4,0,2,1,,,3
12/10/2023,FLA,CBJ,35,19,away,2,0,3,,,5,1,0,1,,,2
12/10/2023,CBJ,FLA,19,35,home,1,0,1,,,2,2,0,3,,,5
12/10/2023,NJD,EDM,26,30,away,0,0,1,,,1,1,1,2,,,4
12/10/2023,EDM,NJD,30,26,home,1,1,2,,,4,0,0,1,,,1
12/10/2023,WSH,CHI,27,34,away,0,3,1,,,4,0,1,1,,,2
12/10/2023,CHI,WSH,34,27,home,0,1,1,,,2,0,3,1,,,4
12/10/2023,NSH,MTL,32,37,away,1,1,0,,,2,0,1,0,,,1
12/10/2023,MTL,NSH,37,32,home,0,1,0,,,1,1,1,0,,,2
12/10/2023,LAK,NYR,26,27,away,0,0,1,,,1,0,2,2,,,4
12/10/2023,NYR,LAK,27,26,home,0,2,2,,,4,0,0,1,,,1
12/10/2023,WPG,ANA,31,26,away,0,0,4,,,4,0,1,1,,,2
12/10/2023,ANA,WPG,26,31,home,0,1,1,,,2,0,0,4,,,4
12/10/2023,MIN,SEA,26,24,away,1,0,2,,,3,0,0,0,,,0
12/10/2023,SEA,MIN,24,26,home,0,0,0,,,0,1,0,2,,,3
12/11/2023,ARI,BUF,23,38,away,0,1,1,,,2,1,3,1,,,5
12/11/2023,BUF,ARI,38,23,home,1,3,1,,,5,0,1,1,,,2
12/11/2023,DET,DAL,30,35,away,1,1,1,,,3,2,2,2,,,6
12/11/2023,DAL,DET,35,30,home,2,2,2,,,6,1,1,1,,,3
12/11/2023,CGY,COL,32,38,away,1,4,0,,,5,1,2,3,,,6
12/11/2023,COL,CGY,38,32,home,1,2,3,,,6,1,4,0,,,5
12/12/2023,TOR,NYR,30,31,away,4,0,3,,,7,1,2,0,,,3
12/12/2023,NYR,TOR,31,30,home,1,2,0,,,3,4,0,3,,,7
12/12/2023,CAR,OTT,28,32,away,1,3,0,,,4,1,0,0,,,1
12/12/2023,OTT,CAR,32,28,home,1,0,0,,,1,1,3,0,,,4
12/12/2023,ARI,PIT,21,43,away,2,0,0,,,2,2,0,2,,,4
12/12/2023,PIT,ARI,43,21,home,2,0,2,,,4,2,0,0,,,2
12/12/2023,DET,STL,32,37,away,2,1,3,,,6,1,3,0,,,4
12/12/2023,STL,DET,37,32,home,1,3,0,,,4,2,1,3,,,6
12/12/2023,CHI,EDM,23,29,away,1,0,0,,,1,2,1,1,,,4
12/12/2023,EDM,CHI,29,23,home,2,1,1,,,4,1,0,0,,,1
12/12/2023,FLA,SEA,24,23,away,0,0,0,,,0,0,1,3,,,4
12/12/2023,SEA,FLA,23,24,home,0,1,3,,,4,0,0,0,,,0
12/12/2023,TBL,VAN,29,22,away,1,0,0,,,1,1,2,1,,,4
12/12/2023,VAN,TBL,22,29,home,1,2,1,,,4,1,0,0,,,1
12/12/2023,WPG,SJS,37,32,away,1,0,0,,,1,1,0,1,,,2
12/12/2023,SJS,WPG,32,37,home,1,0,1,,,2,1,0,0,,,1
12/13/2023,ANA,NYI,24,35,away,0,2,1,,,3,0,2,2,,,4
12/13/2023,NYI,ANA,35,24,home,0,2,2,,,4,0,2,1,,,3
12/13/2023,BUF,COL,30,29,away,1,0,0,,,1,3,0,2,,,5
12/13/2023,COL,BUF,29,30,home,3,0,2,,,5,1,0,0,,,1
12/13/2023,WPG,LAK,29,34,away,0,3,2,,,5,2,0,0,,,2
12/13/2023,LAK,WPG,34,29,home,2,0,0,,,2,0,3,2,,,5
12/14/2023,CAR,DET,39,26,away,1,1,0,,,2,0,1,0,,,1
12/14/2023,DET,CAR,26,39,home,0,1,0,,,1,1,1,0,,,2
12/14/2023,OTT,STL,34,30,away,0,1,1,,,2,1,2,1,,,4
12/14/2023,STL,OTT,30,34,home,1,2,1,,,4,0,1,1,,,2
12/14/2023,TBL,EDM,24,57,away,2,0,5,,,7,0,3,1,,,4
12/14/2023,EDM,TBL,57,24,home,0,3,1,,,4,2,0,5,,,7
12/14/2023,CHI,SEA,22,29,away,0,1,0,,,1,2,3,2,,,7
12/14/2023,SEA,CHI,29,22,home,2,3,2,,,7,0,1,0,,,1
12/14/2023,FLA,VAN,36,18,away,0,0,0,,,0,2,2,0,,,4
12/14/2023,VAN,FLA,18,36,home,2,2,0,,,4,0,0,0,,,0
12/15/2023,ANA,NYR,30,39,away,1,0,0,,,1,1,2,2,,,5
12/15/2023,NYR,ANA,39,30,home,1,2,2,,,5,1,0,0,,,1
12/15/2023,OTT,DAL,29,24,away,3,1,0,,,4,2,1,2,,,5
12/15/2023,DAL,OTT,24,29,home,2,1,2,,,5,3,1,0,,,4
12/15/2023,SJS,ARI,21,24,away,0,0,0,,,0,0,1,0,,,1
12/15/2023,ARI,SJS,24,21,home,0,1,0,,,1,0,0,0,,,0
12/15/2023,BUF,VGK,27,35,away,0,1,4,,,5,0,1,1,,,2
12/15/2023,VGK,BUF,35,27,home,0,1,1,,,2,0,1,4,,,5
12/16/2023,NJD,CBJ,30,26,away,2,2,2,,,6,0,2,1,,,3
12/16/2023,CBJ,NJD,26,30,home,0,2,1,,,3,2,2,2,,,6
12/16/2023,NYI,MTL,33,41,away,0,0,3,,,3,0,4,1,,,5
12/16/2023,MTL,NYI,41,33,home,0,4,1,,,5,0,0,3,,,3
12/16/2023,DET,PHI,33,33,away,0,0,0,,,0,1,0,0,,,1
12/16/2023,PHI,DET,33,33,home,1,0,0,,,1,0,0,0,,,0
12/16/2023,PIT,TOR,38,35,away,0,0,0,,,0,3,3,1,,,7
12/16/2023,TOR,PIT,35,38,home,3,3,1,,,7,0,0,0,,,0
12/16/2023,COL,WPG,32,25,away,0,0,2,,,2,2,1,3,,,6
12/16/2023,WPG,COL,25,32,home,2,1,3,,,6,0,0,2,,,2
12/16/2023,WSH,NSH,22,23,away,0,1,0,,,1,1,1,1,,,3
12/16/2023,NSH,WSH,23,22,home,1,1,1,,,3,0,1,0,,,1
12/16/2023,BUF,ARI,28,22,away,0,0,0,,,0,0,1,1,,,2
12/16/2023,ARI,BUF,22,28,home,0,1,1,,,2,0,0,0,,,0
12/16/2023,TBL,CGY,33,26,away,0,0,2,,,2,0,3,1,,,4
12/16/2023,CGY,TBL,26,33,home,0,3,1,,,4,0,0,2,,,2
12/16/2023,FLA,EDM,39,39,away,3,1,1,,,5,0,1,0,,,1
12/16/2023,EDM,FLA,39,39,home,0,1,0,,,1,3,1,1,,,5
12/17/2023,VAN,CHI,26,28,away,1,3,0,,,4,1,1,1,,,3
12/17/2023,CHI,VAN,28,26,home,1,1,1,,,3,1,3,0,,,4
12/17/2023,ANA,NJD,28,29,away,0,2,3,,,5,0,1,0,,,1
12/17/2023,NJD,ANA,29,28,home,0,1,0,,,1,0,2,3,,,5
12/17/2023,SJS,COL,27,29,away,0,1,1,,,2,3,1,2,,,6
12/17/2023,COL,SJS,29,27,home,3,1,2,,,6,0,1,1,,,2
12/17/2023,OTT,VGK,25,31,away,2,0,1,,,3,2,3,1,,,6
12/17/2023,VGK,OTT,31,25,home,2,3,1,,,6,2,0,1,,,3
10/17/2023,BUF,TBL,31,25,home,2,0,0,1,,3,0,1,1,0,,2
10/20/2023,NJD,NYI,39,32,away,1,2,1,1,,5,1,2,1,0,,4
10/21/2023,MTL,WSH,28,33,home,1,1,0,1,,3,0,0,2,0,,2
10/21/2023,TOR,TBL,52,31,away,1,0,2,1,,4,3,0,0,0,,3
10/21/2023,DAL,PHI,25,40,home,2,1,1,1,,5,2,0,2,0,,4
10/21/2023,CBJ,MIN,54,28,away,1,1,2,1,,5,0,2,2,0,,4
10/21/2023,WPG,EDM,27,40,away,1,1,0,1,,3,2,0,0,0,,2
10/24/2023,ANA,CBJ,27,37,away,0,1,1,1,,3,1,0,1,0,,2
10/24/2023,SEA,DET,38,27,away,0,3,1,1,,5,0,1,3,0,,4
10/26/2023,ANA,BOS,32,30,away,1,0,2,1,,4,0,3,0,0,,3
10/26/2023,CAR,SEA,45,26,home,1,0,1,1,,3,2,0,0,0,,2
10/26/2023,MTL,CBJ,29,36,home,0,2,1,1,,4,2,1,0,0,,3
10/27/2023,CHI,VGK,24,21,away,2,0,1,1,,4,2,0,1,0,,3
10/28/2023,NSH,TOR,24,35,home,1,1,0,1,,3,1,1,0,0,,2
10/28/2023,NYR,VAN,24,33,away,1,0,2,1,,4,0,1,2,0,,3
10/30/2023,BOS,FLA,26,37,home,0,1,1,1,,3,2,0,0,0,,2
10/30/2023,SEA,TBL,43,37,away,3,0,0,1,,4,1,1,1,0,,3
10/30/2023,DET,NYI,36,40,away,0,0,3,1,,4,0,1,2,0,,3
10/30/2023,NYR,WPG,26,29,away,1,0,1,1,,3,1,0,1,0,,2
11/1/2023,ANA,ARI,29,35,home,2,0,1,1,,4,2,1,0,0,,3
11/4/2023,CAR,NYI,47,25,away,0,1,2,1,,4,1,2,0,0,,3
11/6/2023,FLA,CBJ,46,23,home,3,0,1,1,,5,2,1,1,0,,4
11/6/2023,TOR,TBL,34,31,home,1,2,2,1,,6,4,0,1,0,,5
11/7/2023,CAR,BUF,27,21,home,1,0,1,1,,3,0,1,1,0,,2
11/8/2023,FLA,WSH,25,28,away,2,0,1,1,,4,1,2,0,0,,3
11/9/2023,MTL,DET,27,29,away,1,0,1,1,,3,0,1,1,0,,2
11/9/2023,PIT,LAK,20,36,away,1,1,1,1,,4,1,1,1,0,,3
11/11/2023,MTL,BOS,27,28,home,0,0,2,1,,3,1,0,1,0,,2
11/14/2023,DAL,ARI,36,26,home,1,1,1,1,,4,1,0,2,0,,3
11/15/2023,EDM,SEA,31,35,home,0,1,2,1,,4,0,3,0,0,,3
11/15/2023,VAN,NYI,43,33,home,0,2,1,1,,4,2,1,0,0,,3
11/16/2023,OTT,DET,34,41,home,3,1,0,1,,5,0,4,0,0,,4
11/18/2023,PHI,VGK,38,31,home,1,2,0,1,,4,0,3,0,0,,3
11/19/2023,TOR,MIN,25,36,away,2,0,1,1,,4,1,0,2,0,,3
11/20/2023,TBL,BOS,47,27,home,1,1,2,1,,5,1,0,3,0,,4
11/20/2023,CGY,SEA,31,31,away,2,0,1,1,,4,1,2,0,0,,3
11/22/2023,WPG,TBL,32,33,away,2,0,0,1,,3,1,1,0,0,,2
11/22/2023,WSH,BUF,30,27,home,1,1,1,1,,4,2,1,0,0,,3
11/22/2023,VGK,DAL,26,32,away,1,0,0,1,,2,0,1,0,0,,1
11/24/2023,CHI,TOR,34,37,home,1,1,1,1,,4,1,2,0,0,,3
11/27/2023,CGY,VGK,34,28,home,0,0,1,1,,2,1,0,0,0,,1
11/28/2023,NSH,PIT,25,31,home,2,0,0,1,,3,0,1,1,0,,2
11/30/2023,NYI,CAR,16,43,away,1,2,1,1,,5,1,1,2,0,,4
11/30/2023,NJD,PHI,35,47,away,2,0,1,1,,4,0,1,2,0,,3
11/30/2023,ARI,COL,32,31,home,0,2,1,1,,4,1,1,1,0,,3
11/30/2023,CGY,DAL,36,16,home,2,0,1,1,,4,2,0,1,0,,3
12/2/2023,DET,MTL,33,30,away,3,1,0,1,,5,1,1,2,0,,4
12/2/2023,BOS,TOR,37,40,away,1,1,1,1,,4,0,1,2,0,,3
12/4/2023,PHI,PIT,33,32,home,0,1,0,1,,2,1,0,0,0,,1
12/4/2023,STL,VGK,27,34,away,1,0,0,1,,2,0,0,1,0,,1
12/5/2023,LAK,CBJ,39,29,away,0,0,3,1,,4,1,2,0,0,,3
12/5/2023,SJS,NYI,37,39,away,1,0,3,1,,5,1,1,2,0,,4
12/7/2023,SJS,DET,36,31,away,0,4,1,1,,6,0,4,1,0,,5
12/9/2023,NYI,LAK,30,36,home,0,0,2,1,,3,0,2,0,0,,2
12/9/2023,TBL,SEA,30,29,away,2,0,1,1,,4,0,2,1,0,,3
12/11/2023,NYI,TOR,29,40,home,2,1,0,1,,4,1,1,1,0,,3
12/12/2023,NSH,PHI,22,39,home,1,1,0,1,,3,0,1,1,0,,2
12/12/2023,VGK,CGY,39,31,home,1,1,2,1,,5,1,2,1,0,,4
12/13/2023,NJD,BOS,35,24,home,0,0,1,1,,2,1,0,0,0,,1
12/14/2023,CBJ,TOR,35,48,away,2,3,0,1,,6,0,0,5,0,,5
12/15/2023,NSH,CAR,30,31,away,1,3,1,1,,6,2,3,0,0,,5
12/16/2023,NYR,BOS,34,22,away,0,0,1,1,,2,0,1,0,0,,1
12/16/2023,STL,DAL,34,23,home,1,2,0,1,,4,2,0,1,0,,3
10/17/2023,TBL,BUF,25,31,away,0,1,1,0,,2,2,0,0,1,,3
10/20/2023,NYI,NJD,32,39,home,1,2,1,0,,4,1,2,1,1,,5
10/21/2023,WSH,MTL,33,28,away,0,0,2,0,,2,1,1,0,1,,3
10/21/2023,TBL,TOR,31,52,home,3,0,0,0,,3,1,0,2,1,,4
10/21/2023,PHI,DAL,40,25,away,2,0,2,0,,4,2,1,1,1,,5
10/21/2023,MIN,CBJ,28,54,home,0,2,2,0,,4,1,1,2,1,,5
10/21/2023,EDM,WPG,40,27,home,2,0,0,0,,2,1,1,0,1,,3
10/24/2023,CBJ,ANA,37,27,home,1,0,1,0,,2,0,1,1,1,,3
10/24/2023,DET,SEA,27,38,home,0,1,3,0,,4,0,3,1,1,,5
10/26/2023,BOS,ANA,30,32,home,0,3,0,0,,3,1,0,2,1,,4
10/26/2023,SEA,CAR,26,45,away,2,0,0,0,,2,1,0,1,1,,3
10/26/2023,CBJ,MTL,36,29,away,2,1,0,0,,3,0,2,1,1,,4
10/27/2023,VGK,CHI,21,24,home,2,0,1,0,,3,2,0,1,1,,4
10/28/2023,TOR,NSH,35,24,away,1,1,0,0,,2,1,1,0,1,,3
10/28/2023,VAN,NYR,33,24,home,0,1,2,0,,3,1,0,2,1,,4
10/30/2023,FLA,BOS,37,26,away,2,0,0,0,,2,0,1,1,1,,3
10/30/2023,TBL,SEA,37,43,home,1,1,1,0,,3,3,0,0,1,,4
10/30/2023,NYI,DET,40,36,home,0,1,2,0,,3,0,0,3,1,,4
10/30/2023,WPG,NYR,29,26,home,1,0,1,0,,2,1,0,1,1,,3
11/1/2023,ARI,ANA,35,29,away,2,1,0,0,,3,2,0,1,1,,4
11/4/2023,NYI,CAR,25,47,home,1,2,0,0,,3,0,1,2,1,,4
11/6/2023,CBJ,FLA,23,46,away,2,1,1,0,,4,3,0,1,1,,5
11/6/2023,TBL,TOR,31,34,away,4,0,1,0,,5,1,2,2,1,,6
11/7/2023,BUF,CAR,21,27,away,0,1,1,0,,2,1,0,1,1,,3
11/8/2023,WSH,FLA,28,25,home,1,2,0,0,,3,2,0,1,1,,4
11/9/2023,DET,MTL,29,27,home,0,1,1,0,,2,1,0,1,1,,3
11/9/2023,LAK,PIT,36,20,home,1,1,1,0,,3,1,1,1,1,,4
11/11/2023,BOS,MTL,28,27,away,1,0,1,0,,2,0,0,2,1,,3
11/14/2023,ARI,DAL,26,36,away,1,0,2,0,,3,1,1,1,1,,4
11/15/2023,SEA,EDM,35,31,away,0,3,0,0,,3,0,1,2,1,,4
11/15/2023,NYI,VAN,33,43,away,2,1,0,0,,3,0,2,1,1,,4
11/16/2023,DET,OTT,41,34,away,0,4,0,0,,4,3,1,0,1,,5
11/18/2023,VGK,PHI,31,38,away,0,3,0,0,,3,1,2,0,1,,4
11/19/2023,MIN,TOR,36,25,home,1,0,2,0,,3,2,0,1,1,,4
11/20/2023,BOS,TBL,27,47,away,1,0,3,0,,4,1,1,2,1,,5
11/20/2023,SEA,CGY,31,31,home,1,2,0,0,,3,2,0,1,1,,4
11/22/2023,TBL,WPG,33,32,home,1,1,0,0,,2,2,0,0,1,,3
11/22/2023,BUF,WSH,27,30,away,2,1,0,0,,3,1,1,1,1,,4
11/22/2023,DAL,VGK,32,26,home,0,1,0,0,,1,1,0,0,1,,2
11/24/2023,TOR,CHI,37,34,away,1,2,0,0,,3,1,1,1,1,,4
11/27/2023,VGK,CGY,28,34,away,1,0,0,0,,1,0,0,1,1,,2
11/28/2023,PIT,NSH,31,25,away,0,1,1,0,,2,2,0,0,1,,3
11/30/2023,CAR,NYI,43,16,home,1,1,2,0,,4,1,2,1,1,,5
11/30/2023,PHI,NJD,47,35,home,0,1,2,0,,3,2,0,1,1,,4
11/30/2023,COL,ARI,31,32,away,1,1,1,0,,3,0,2,1,1,,4
11/30/2023,DAL,CGY,16,36,away,2,0,1,0,,3,2,0,1,1,,4
12/2/2023,MTL,DET,30,33,home,1,1,2,0,,4,3,1,0,1,,5
12/2/2023,TOR,BOS,40,37,home,0,1,2,0,,3,1,1,1,1,,4
12/4/2023,PIT,PHI,32,33,away,1,0,0,0,,1,0,1,0,1,,2
12/4/2023,VGK,STL,34,27,home,0,0,1,0,,1,1,0,0,1,,2
12/5/2023,CBJ,LAK,29,39,home,1,2,0,0,,3,0,0,3,1,,4
12/5/2023,NYI,SJS,39,37,home,1,1,2,0,,4,1,0,3,1,,5
12/7/2023,DET,SJS,31,36,home,0,4,1,0,,5,0,4,1,1,,6
12/9/2023,LAK,NYI,36,30,away,0,2,0,0,,2,0,0,2,1,,3
12/9/2023,SEA,TBL,29,30,home,0,2,1,0,,3,2,0,1,1,,4
12/11/2023,TOR,NYI,40,29,away,1,1,1,0,,3,2,1,0,1,,4
12/12/2023,PHI,NSH,39,22,away,0,1,1,0,,2,1,1,0,1,,3
12/12/2023,CGY,VGK,31,39,away,1,2,1,0,,4,1,1,2,1,,5
12/13/2023,BOS,NJD,24,35,away,1,0,0,0,,1,0,0,1,1,,2
12/14/2023,TOR,CBJ,48,35,home,0,0,5,0,,5,2,3,0,1,,6
12/15/2023,CAR,NSH,31,30,home,2,3,0,0,,5,1,3,1,1,,6
12/16/2023,BOS,NYR,22,34,home,0,1,0,0,,1,0,0,1,1,,2
12/16/2023,DAL,STL,23,34,away,2,0,1,0,,3,1,2,0,1,,4
