Time,Open,High,Low,Last,Change,%Chg,Volume
02/01/2024,188.5,189.88,184.28,188.86,1.57,+0.84%,91843200
01/31/2024,186.99,193.97,185.8459,187.29,-4.3,-2.24%,103221400
01/30/2024,195.33,196.3593,190.61,191.59,0.66,+0.35%,109982300
01/29/2024,185.63,191.48,183.67,190.93,7.68,+4.19%,125013100
01/26/2024,185.5,186.78,182.1,183.25,0.62,+0.34%,107343200
01/25/2024,189.7,193,180.06,182.63,-25.2,-12.13%,198076700
01/24/2024,211.88,212.73,206.77,207.83,-1.31,-0.63%,123369900
01/23/2024,211.3,215.65,207.7516,209.14,0.34,+0.16%,106605900
01/22/2024,212.26,217.8,206.27,208.8,-3.39,-1.60%,117952500
01/19/2024,209.99,213.19,207.56,212.19,0.31,+0.15%,102260300
01/18/2024,216.88,217.45,208.74,211.88,-3.67,-1.70%,108595400
01/17/2024,214.86,215.67,212.01,215.55,-4.36,-1.98%,103164400
01/16/2024,215.1,223.49,212.18,219.91,1.02,+0.47%,115355000
01/12/2024,220.08,225.34,217.1501,218.89,-8.33,-3.67%,123043800
01/11/2024,230.57,230.93,225.37,227.22,-6.72,-2.87%,105873600
01/10/2024,235.1,235.5,231.29,233.94,-1.02,-0.43%,91628500
01/09/2024,238.11,238.9646,232.04,234.96,-5.49,-2.28%,96705600
01/08/2024,236.14,241.25,235.3,240.45,2.96,+1.25%,85166500
01/05/2024,236.86,240.1196,234.9001,237.49,-0.44,-0.18%,92488900
01/04/2024,239.25,242.7,237.73,237.93,-0.52,-0.22%,102629200
01/03/2024,244.98,245.68,236.32,238.45,-9.97,-4.01%,121082600
01/02/2024,250.08,251.25,244.41,248.42,-0.06,-0.02%,104654100
12/29/2023,255.1,255.19,247.43,248.48,-4.7,-1.86%,100891500
12/28/2023,263.66,265.13,252.71,253.18,-8.26,-3.16%,113619900
12/27/2023,258.35,263.34,257.52,261.44,4.83,+1.88%,106494300
12/26/2023,254.49,257.97,252.91,256.61,4.07,+1.61%,86892300
12/22/2023,256.76,258.22,251.37,252.54,-1.96,-0.77%,93370100
12/21/2023,251.9,254.7999,248.55,254.5,7.36,+2.98%,109594200
12/20/2023,256.41,259.84,247,247.14,-10.08,-3.92%,125096900
12/19/2023,253.48,258.3399,253.01,257.22,5.14,+2.04%,106737300
12/18/2023,253.78,258.74,251.36,252.08,-1.42,-0.56%,116416500
12/15/2023,251.21,254.13,248.3,253.5,2.45,+0.98%,135932700
12/14/2023,241.22,253.88,240.79,251.05,11.76,+4.91%,160829200
12/13/2023,234.19,240.3,228.2,239.29,2.28,+0.96%,146283700
12/12/2023,238.55,238.99,233.87,237.01,-2.73,-1.14%,95328300
12/11/2023,242.74,243.441,237.45,239.74,-4.1,-1.68%,97913800
12/08/2023,240.27,245.27,239.2701,243.84,1.2,+0.49%,103126800
12/07/2023,241.55,244.08,236.98,242.64,3.27,+1.37%,107142200
12/06/2023,242.92,246.57,239.1709,239.37,0.65,+0.27%,126436100
12/05/2023,233.87,246.66,233.7,238.72,3.14,+1.33%,137971100
12/04/2023,235.75,239.3733,233.2902,235.58,-3.25,-1.36%,104099800
12/01/2023,233.14,240.19,231.9,238.83,-1.25,-0.52%,121331700
11/30/2023,245.14,245.22,236.91,240.08,-4.06,-1.66%,132353100
11/29/2023,249.21,252.75,242.76,244.14,-2.58,-1.05%,135401300
11/28/2023,236.68,247,234.01,246.72,10.64,+4.51%,148539900
11/27/2023,236.89,238.33,232.1,236.08,0.63,+0.27%,112031700
11/24/2023,233.75,238.75,232.33,235.45,1.24,+0.53%,65125200
11/22/2023,242.04,244.01,231.4,234.21,-6.99,-2.90%,118117000
11/21/2023,235.04,243.62,233.34,241.2,5.6,+2.38%,122288000
11/20/2023,234.04,237.1,231.02,235.6,1.3,+0.55%,116562400
11/17/2023,232,237.39,226.54,234.3,0.71,+0.30%,142766200
11/16/2023,239.49,240.88,230.96,233.59,-9.25,-3.81%,136816800
11/15/2023,239.29,246.7,236.45,242.84,5.43,+2.29%,150353900
11/14/2023,235.03,238.135,230.72,237.41,13.7,+6.12%,149771600
11/13/2023,215.6,225.4,211.6101,223.71,9.06,+4.22%,140447500
11/10/2023,210.03,215.38,205.69,214.65,4.67,+2.22%,131310100
11/09/2023,219.75,220.8,206.68,209.98,-12.13,-5.46%,142110400
11/08/2023,223.15,224.15,217.64,222.11,-0.07,-0.03%,106584800
11/07/2023,219.98,223.12,215.72,222.18,2.91,+1.33%,116900100
11/06/2023,223.98,226.32,215,219.27,-0.69,-0.31%,117335800
11/03/2023,221.15,226.3701,218.4,219.96,1.45,+0.66%,119534700
11/02/2023,212.97,219.2,211.45,218.51,12.85,+6.25%,125987600
11/01/2023,204.04,205.99,197.85,205.66,4.82,+2.40%,121661600
10/31/2023,196.12,202.8,194.07,200.84,3.48,+1.76%,118068200
10/30/2023,209.28,210.88,194.67,197.36,-9.94,-4.79%,136448100
10/27/2023,210.6,212.41,205.77,207.3,1.54,+0.75%,94881100
10/26/2023,211.32,214.8,204.88,205.76,-6.66,-3.14%,115112600
10/25/2023,215.88,220.1,212.2,212.42,-4.1,-1.89%,107065000
10/24/2023,216.5,222.05,214.11,216.52,4.44,+2.09%,118231100
10/23/2023,210,216.98,202.51,212.08,0.09,+0.04%,150683300
10/20/2023,217.01,218.8606,210.42,211.99,-8.12,-3.69%,138010100
10/19/2023,225.95,230.61,216.78,220.11,-22.57,-9.30%,170772700
10/18/2023,252.7,254.63,242.08,242.68,-12.17,-4.78%,125147800
10/17/2023,250.1,257.183,247.08,254.85,0.93,+0.37%,93562900
10/16/2023,250.05,255.3999,248.48,253.92,2.8,+1.12%,88917100
10/13/2023,258.9,259.6,250.22,251.12,-7.75,-2.99%,102296700
10/12/2023,262.92,265.41,256.6307,258.87,-4.12,-1.57%,111508100
10/11/2023,266.2,268.6,260.9,262.99,-0.63,-0.24%,103706200
10/10/2023,257.75,268.94,257.65,263.62,3.95,+1.52%,122656000
10/09/2023,255.31,261.36,252.05,259.67,-0.86,-0.33%,101377900
10/06/2023,253.98,261.65,250.65,260.53,0.48,+0.18%,118121800
10/05/2023,260,263.6,256.25,260.05,-1.11,-0.43%,119159200
10/04/2023,248.14,261.86,247.6,261.16,14.63,+5.93%,129721500
10/03/2023,248.61,250.02,244.45,246.53,-5.07,-2.02%,101985300
10/02/2023,244.81,254.2799,242.62,251.6,1.38,+0.55%,123810400
09/29/2023,250,254.77,246.35,250.22,3.84,+1.56%,128522700
09/28/2023,240.02,247.55,238.65,246.38,5.88,+2.44%,117058800
09/27/2023,244.26,245.33,234.58,240.5,-3.62,-1.48%,136597100
09/26/2023,242.98,249.55,241.6601,244.12,-2.87,-1.16%,101993600
09/25/2023,243.38,247.1,238.31,246.99,2.11,+0.86%,104636500
09/22/2023,257.4,257.7888,244.48,244.88,-10.82,-4.23%,127524000
09/21/2023,257.85,260.86,254.21,255.7,-6.89,-2.62%,119951500
09/20/2023,267.04,273.93,262.4606,262.59,-3.91,-1.47%,122514600
09/19/2023,264.35,267.85,261.2,266.5,1.22,+0.46%,103704000
09/18/2023,271.16,271.44,263.7601,265.28,-9.11,-3.32%,101543300
09/15/2023,277.55,278.98,271,274.39,-1.65,-0.60%,133692300
09/14/2023,271.32,276.7094,270.42,276.04,4.74,+1.75%,107709800
09/13/2023,270.07,274.98,268.1,271.3,3.82,+1.43%,111673700
09/12/2023,270.76,278.39,266.6,267.48,-6.1,-2.23%,135999800
09/11/2023,264.27,274.85,260.61,273.58,25.08,+10.09%,174667800
09/08/2023,251.22,256.52,246.67,248.5,-2.99,-1.19%,118559600
09/07/2023,245.07,252.81,243.265,251.49,-0.43,-0.17%,115312800
09/06/2023,255.13,255.39,245.06,251.92,-4.57,-1.78%,116959700
09/05/2023,245,258,244.86,256.49,11.48,+4.69%,129469500
09/01/2023,257.26,259.0794,242.01,245.01,-13.07,-5.06%,132541600
08/31/2023,255.98,261.18,255.05,258.08,1.18,+0.46%,108861700
08/30/2023,254.2,260.51,250.59,256.9,-0.28,-0.11%,121988400
08/29/2023,238.58,257.48,237.77,257.18,18.36,+7.69%,134047600
08/28/2023,242.58,244.38,235.35,238.82,0.23,+0.10%,107673700
08/25/2023,231.31,239,230.35,238.59,8.55,+3.72%,106612200
08/24/2023,238.66,238.92,228.1801,230.04,-6.82,-2.88%,99777400
08/23/2023,229.34,238.98,229.29,236.86,3.67,+1.57%,101077600
08/22/2023,240.25,240.82,229.55,233.19,1.91,+0.83%,130597800
08/21/2023,221.5512,232.1343,220.58,231.28,15.79,+7.33%,135702600
08/18/2023,214.12,217.58,212.36,215.49,-3.73,-1.70%,136276500
08/17/2023,226.06,226.74,218.83,219.22,-6.38,-2.83%,120718400
08/16/2023,228.02,233.97,225.38,225.6,-7.36,-3.16%,112484500
08/15/2023,238.73,240.5,232.61,232.96,-6.8,-2.84%,88197600
08/14/2023,235.7,240.66,233.75,239.76,-2.89,-1.19%,98595300
08/11/2023,241.77,243.79,238.02,242.65,-2.69,-1.10%,99038600
08/10/2023,245.4,251.8,243,245.34,3.15,+1.30%,109498600
08/09/2023,250.87,251.1,241.9,242.19,-7.51,-3.01%,101596300
08/08/2023,247.45,250.92,245.01,249.7,-1.75,-0.70%,96642100
08/07/2023,251.45,253.6511,242.76,251.45,-2.41,-0.95%,111097900
08/04/2023,260.97,264.77,253.11,253.86,-5.46,-2.11%,99539900
08/03/2023,252.04,260.49,252,259.32,5.21,+2.05%,97829500
08/02/2023,255.57,259.52,250.49,254.11,-6.96,-2.67%,101752800
08/01/2023,266.26,266.47,260.25,261.07,-6.36,-2.38%,83645700
07/31/2023,267.48,269.08,263.78,267.43,0.99,+0.37%,84582100
07/28/2023,259.86,267.25,258.2312,266.44,10.73,+4.20%,111446000
07/27/2023,268.31,269.13,255.3,255.71,-8.64,-3.27%,103697200
07/26/2023,263.25,268.04,261.75,264.35,-0.93,-0.35%,95856100
07/25/2023,272.38,272.9,265,265.28,-3.78,-1.40%,112757300
07/24/2023,255.85,269.85,254.12,269.06,9.04,+3.48%,137005000
07/21/2023,268,268,255.8,260.02,-2.88,-1.10%,161796000
07/20/2023,279.56,280.93,261.2,262.9,-28.36,-9.74%,175158200
07/19/2023,296.04,299.29,289.5201,291.26,-2.08,-0.71%,142355300
07/18/2023,290.15,295.26,286.01,293.34,2.96,+1.02%,112434700
07/17/2023,286.625,292.23,283.57,290.38,9,+3.20%,131569500
07/14/2023,277.01,285.3,276.31,281.38,3.48,+1.25%,120062300
07/13/2023,274.59,279.45,270.6,277.9,5.91,+2.17%,112681400
07/12/2023,276.33,276.52,271.46,271.99,2.2,+0.82%,95672100
07/11/2023,268.65,270.9,266.37,269.79,0.18,+0.07%,91972300
07/10/2023,276.47,277.52,265.1,269.61,-4.82,-1.76%,119425400
07/07/2023,278.43,280.78,273.77,274.43,-2.11,-0.76%,113879100
07/06/2023,278.09,279.97,272.88,276.54,-5.94,-2.10%,120707400
07/05/2023,278.82,283.85,277.6,282.48,2.66,+0.95%,131530800
07/03/2023,276.49,284.25,275.11,279.82,18.05,+6.90%,119685800
06/30/2023,260.6,264.45,259.89,261.77,4.27,+1.66%,112620700
06/29/2023,258.03,260.74,253.61,257.5,1.26,+0.49%,131283300
06/28/2023,249.7,259.88,248.89,256.24,6.03,+2.41%,159770800
06/27/2023,243.24,250.3899,240.85,250.21,9.16,+3.80%,164968200
06/26/2023,250.07,258.37,240.7,241.05,-15.55,-6.06%,179990500
06/23/2023,259.29,262.45,252.8,256.6,-8.01,-3.03%,177460800
06/22/2023,250.77,265,248.25,264.61,5.15,+1.98%,166875900
06/21/2023,275.13,276.99,257.78,259.46,-14.99,-5.46%,211797100
06/20/2023,261.5,274.75,261.12,274.45,13.91,+5.34%,165611200
06/16/2023,258.92,263.6,257.2091,260.54,4.64,+1.81%,167915600
06/15/2023,248.4,258.95,247.29,255.9,-0.89,-0.35%,160171200
06/14/2023,260.17,261.57,250.5,256.79,-1.92,-0.74%,170575500
06/13/2023,253.51,259.68,251.34,258.71,8.88,+3.55%,162384300
06/12/2023,247.94,250.97,244.59,249.83,5.43,+2.22%,150740500
06/09/2023,249.07,252.42,242.02,244.4,9.54,+4.06%,200242300
06/08/2023,224.22,235.23,223.01,234.86,10.29,+4.58%,164489700
06/07/2023,228,230.8296,223.2,224.57,3.26,+1.47%,185710700
06/06/2023,216.14,221.91,212.53,221.31,3.7,+1.70%,146911500
06/05/2023,217.8,221.29,214.52,217.61,3.64,+1.70%,151143000
06/02/2023,210.15,217.25,209.752,213.97,6.45,+3.11%,164398300
06/01/2023,202.59,209.8,199.37,207.52,3.59,+1.76%,148029900
05/31/2023,199.78,203.95,195.12,203.93,2.77,+1.38%,150711700
05/30/2023,200.1,204.48,197.53,201.16,7.99,+4.14%,128818700
05/26/2023,184.62,198.6,184.53,193.17,8.7,+4.72%,162061500
05/25/2023,186.54,186.78,180.58,184.47,1.57,+0.86%,96870700
05/24/2023,182.23,184.22,178.22,182.9,-2.87,-1.54%,137605000
05/23/2023,186.2,192.96,185.26,185.77,-3.1,-1.64%,156952100
05/22/2023,180.7,189.32,180.11,188.87,8.73,+4.85%,132001400
05/19/2023,177.17,181.95,176.31,180.14,3.25,+1.84%,136196600
05/18/2023,174.22,177.06,172.45,176.89,3.03,+1.74%,109520300
05/17/2023,168.41,174.5,167.185,173.86,7.34,+4.41%,125473500
05/16/2023,165.65,169.5184,164.35,166.52,0.17,+0.10%,98288700
05/15/2023,167.65,169.76,164.5499,166.35,-1.63,-0.97%,105592500
05/12/2023,176.07,177.38,167.23,167.98,-4.1,-2.38%,157849600
05/11/2023,168.7,173.57,166.79,172.08,3.54,+2.10%,103889900
05/10/2023,172.55,174.43,166.68,168.54,-0.61,-0.36%,119840600
05/09/2023,168.95,169.82,166.56,169.15,-2.64,-1.54%,88965000
05/08/2023,173.72,173.8,169.19,171.79,1.73,+1.02%,112249400
05/05/2023,163.97,170.7899,163.51,170.06,8.86,+5.50%,107607200
05/04/2023,162.71,162.95,159.65,161.2,0.59,+0.37%,95108400
05/03/2023,160.01,165,159.91,160.61,0.3,+0.19%,119727900
05/02/2023,161.88,165.49,158.93,160.31,-1.52,-0.94%,128259700
05/01/2023,163.17,163.28,158.83,161.83,-2.48,-1.51%,109015000
04/28/2023,160.9,165,157.32,164.31,4.12,+2.57%,122515800
04/27/2023,152.64,160.48,152.37,160.19,6.44,+4.19%,127015100
04/26/2023,160.29,160.67,153.14,153.75,-6.92,-4.31%,153364100
04/25/2023,159.82,163.47,158.75,160.67,-1.88,-1.16%,121999300
04/24/2023,164.65,165.65,158.61,162.55,-2.53,-1.53%,140006500
04/21/2023,164.8,166,161.3208,165.08,2.09,+1.28%,123538900
04/20/2023,166.16,169.7,160.56,162.99,-17.6,-9.75%,210970800
04/19/2023,179.1,183.5,177.65,180.59,-3.72,-2.02%,125732600
04/18/2023,187.15,187.69,183.5775,184.31,-2.73,-1.46%,92067000
04/17/2023,186.32,189.69,182.69,187.04,2.04,+1.10%,116662100
04/14/2023,183.95,186.28,182.01,185,-0.9,-0.48%,96438600
04/13/2023,182.96,186.5,180.94,185.9,5.36,+2.97%,112932900
04/12/2023,190.74,191.5846,180.31,180.54,-6.25,-3.35%,150256200
04/11/2023,186.69,189.19,185.6475,186.79,2.28,+1.24%,115770800
04/10/2023,179.94,185.1,176.11,184.51,-0.55,-0.30%,142154600
04/06/2023,183.08,186.39,179.74,185.06,-0.46,-0.25%,123857900
04/05/2023,190.51,190.68,183.76,185.52,-7.06,-3.67%,133882400
04/04/2023,197.32,198.7446,190.32,192.58,-2.19,-1.12%,126463800
04/03/2023,199.91,202.6897,192.2,194.77,-12.69,-6.12%,169545900
03/31/2023,197.53,207.79,197.2,207.46,12.18,+6.24%,170222100
03/30/2023,195.58,197.33,194.42,195.28,1.4,+0.72%,110252200
03/29/2023,193.13,195.29,189.44,193.88,4.69,+2.48%,123660000
03/28/2023,192,192.35,185.43,189.19,-2.62,-1.37%,98654600
03/27/2023,194.41,197.39,189.94,191.81,1.4,+0.74%,120851500
03/24/2023,191.65,192.36,187.15,190.41,-1.81,-0.94%,116531500
03/23/2023,195.26,199.31,188.65,192.22,1.07,+0.56%,144193800
03/22/2023,199.3,200.66,190.95,191.15,-6.43,-3.25%,150376300
03/21/2023,188.28,198,188.04,197.58,14.33,+7.82%,153391400
03/20/2023,178.08,186.44,176.35,183.25,3.12,+1.73%,129684300
03/17/2023,184.51,186.2199,177.33,180.13,-4,-2.17%,133197100
03/16/2023,180.37,185.81,178.84,184.13,3.68,+2.04%,121374400
03/15/2023,180.8,182.34,176.03,180.45,-2.81,-1.53%,145995500
03/14/2023,177.31,183.8,177.1401,183.26,8.78,+5.03%,143717900
03/13/2023,167.46,177.35,163.91,174.48,1.04,+0.60%,167790200
03/10/2023,175.13,178.29,168.44,173.44,0.52,+0.30%,191926033
03/09/2023,180.25,185.18,172.5124,172.92,-9.08,-4.99%,170023700
03/08/2023,185.04,186.5,180,182,-5.71,-3.04%,151897700
03/07/2023,191.38,194.2,186.1,187.71,-6.1,-3.15%,148125700
03/06/2023,198.54,198.6,192.3,193.81,-3.98,-2.01%,128100100
03/03/2023,194.79,200.48,192.88,197.79,6.89,+3.61%,154193200
03/02/2023,186.74,193.7499,186.01,190.9,-11.87,-5.85%,181979100
03/01/2023,206.21,207.2,198.52,202.77,-2.94,-1.43%,156852700
02/28/2023,210.59,211.23,203.75,205.71,-1.92,-0.92%,153144900
02/27/2023,202.03,209.42,201.26,207.63,10.75,+5.46%,161028300
02/24/2023,196.325,197.6695,192.8,196.88,-5.19,-2.57%,142228100
02/23/2023,203.91,205.14,196.33,202.07,1.21,+0.60%,146359900
02/22/2023,197.93,201.99,191.78,200.86,3.49,+1.77%,191828400
02/21/2023,204.99,209.71,197.22,197.37,-10.94,-5.25%,180018600
02/17/2023,199.99,208.44,197.5,208.31,6.27,+3.10%,213738500
02/16/2023,210.78,217.65,201.84,202.04,-12.2,-5.69%,229586500
02/15/2023,211.76,214.66,206.11,214.24,4.99,+2.38%,182108500
02/14/2023,191.94,209.82,189.44,209.25,14.61,+7.51%,216455700
02/13/2023,194.41,196.3,187.61,194.64,-2.25,-1.14%,172475400
02/10/2023,202.23,206.2,192.89,196.89,-10.43,-5.03%,204754100
02/09/2023,207.77,214,204.77,207.32,6.03,+3.00%,215431400
02/08/2023,196.1,203,194.31,201.29,4.48,+2.28%,180673600
02/07/2023,196.43,197.5,189.55,196.81,2.05,+1.05%,186010300
02/06/2023,193.01,198.17,189.92,194.76,4.78,+2.52%,186188100
02/03/2023,183.95,199,183.69,189.98,1.71,+0.91%,232662000
02/02/2023,187.32,196.7501,182.61,188.27,6.86,+3.78%,217448200
02/01/2023,173.89,183.805,169.93,181.41,8.19,+4.73%,213806300
01/31/2023,164.57,174.3,162.78,173.22,6.56,+3.94%,196813500
01/30/2023,178.05,179.77,166.5,166.66,-11.24,-6.32%,230878800
01/27/2023,162.43,180.68,161.17,177.9,17.63,+11.00%,306590600
01/26/2023,159.96,161.42,154.76,160.27,15.84,+10.97%,234815100
01/25/2023,141.9,146.41,138.07,144.43,0.54,+0.38%,192734300
01/24/2023,143,146.5,141.1,143.89,0.14,+0.10%,158699000
01/23/2023,135.87,145.3793,134.27,143.75,10.33,+7.74%,203119200
"Downloaded from Barchart.com as of 02-02-2024 08:19am CST"
