,,,,,,,,,Team,Team,Team,Team,Team,,Opponent,Opponent,Opponent,Opponent,Opponent,,Advanced (at Even Strength),Advanced (at Even Strength),Advanced (at Even Strength),Advanced (at Even Strength),Advanced (at Even Strength),Advanced (at Even Strength),Advanced (at Even Strength),Advanced (at Even Strength),Advanced (at Even Strength),Advanced (at Even Strength),Advanced (at Even Strength)
GP,Date,,Opponent,GF,GA,,,,S,PIM,PPG,PPO,SHG,,S,PIM,PPG,PPO,SHG,,CF,CA,CF%,FF,FA,FF%,FOW,FOL,FO%,oZS%,PDO
1,2024-10-09,,New York Rangers,0,6,L,,,31,6,0,3,0,,40,8,0,2,1,,64,56,53.3,45,49,47.9,23,25,47.9,62.8,85.3
2,2024-10-10,@,Detroit Red Wings,6,3,W,,,28,10,1,2,0,,32,4,1,5,0,,47,40,54.0,37,30,55.2,29,28,50.9,47.2,111.3
3,2024-10-12,@,Toronto Maple Leafs,2,4,L,,,23,6,1,4,0,,33,8,0,3,0,,48,39,55.2,28,32,46.7,19,18,51.4,59.1,91.1
4,2024-10-14,@,Montreal Canadiens,6,3,W,,,30,6,0,1,0,,28,4,1,2,0,,70,51,57.9,48,35,57.8,29,15,65.9,49.7,110.9
5,2024-10-16,,Buffalo Sabres,6,5,W,OT,,43,4,2,5,1,,33,12,0,1,0,,61,52,54.0,47,38,55.3,31,24,56.4,48.4,91.6
6,2024-10-18,,Carolina Hurricanes,1,4,L,,,26,10,0,5,0,,38,12,2,4,0,,31,60,34.1,22,44,33.3,23,21,52.3,36.0,99.8
7,2024-10-20,@,Winnipeg Jets,3,6,L,,,42,6,1,1,0,,37,4,0,2,0,,80,62,56.3,55,51,51.9,29,27,51.8,46.1,89.0
8,2024-10-22,@,Calgary Flames,3,4,L,SO,,38,8,1,4,0,,25,8,0,4,0,,54,44,55.1,44,25,63.8,36,24,60.0,50.0,86.1
9,2024-10-25,@,Edmonton Oilers,0,4,L,,,27,9,0,2,0,,50,9,1,2,0,,48,83,36.6,32,65,33.0,16,24,40.0,27.6,93.6
10,2024-10-26,@,Vancouver Canucks,3,4,L,,,24,6,0,2,0,,34,4,0,3,0,,43,51,45.7,32,40,44.4,22,27,44.9,31.3,101.0
11,2024-10-29,,Minnesota Wild,3,5,L,,,29,15,1,2,0,,40,9,0,5,0,,47,51,48.0,32,44,42.1,27,17,61.4,43.3,92.1
12,2024-10-31,,Anaheim Ducks,2,1,W,OT,,45,4,0,3,0,,23,6,0,2,0,,88,45,66.2,60,33,64.5,25,25,50.0,62.5,100.4
13,2024-11-02,,Montreal Canadiens,3,1,W,,,24,11,1,2,0,,26,13,0,2,0,,57,48,54.3,32,30,51.6,24,18,57.1,48.0,105.8
14,2024-11-05,@,New York Islanders,3,4,L,SO,,35,8,1,4,0,,26,8,1,4,0,,56,42,57.1,44,34,56.4,25,24,51.0,55.6,96.7
15,2024-11-07,@,Carolina Hurricanes,1,5,L,,,36,2,0,4,0,,18,8,0,1,0,,55,38,59.1,39,27,59.1,20,26,43.5,60.0,70.7
16,2024-11-08,@,Washington Capitals,4,2,W,,,32,6,0,2,0,,34,4,0,3,0,,60,52,53.6,43,40,51.8,25,25,50.0,47.4,105.9
17,2024-11-11,,Dallas Stars,1,7,L,,,21,8,0,1,0,,40,2,2,4,0,,37,46,44.6,29,35,45.3,20,20,50.0,50.0,86.9
18,2024-11-13,,Detroit Red Wings,2,3,L,OT,,33,4,0,2,0,,31,4,1,2,0,,70,52,57.4,46,36,56.1,22,25,46.8,62.5,99.5
19,2024-11-15,@,Columbus Blue Jackets,2,6,L,,,23,10,1,4,0,,39,8,1,5,0,,50,61,45.0,34,43,44.2,19,21,47.5,40.9,89.8
20,2024-11-16,,San Jose Sharks,4,3,W,SO,,36,8,0,1,0,,29,2,1,4,0,,76,45,62.8,47,32,59.5,35,28,55.6,60.7,102.0
21,2024-11-19,,Tampa Bay Lightning,2,3,L,OT,,19,6,1,2,0,,35,4,0,3,0,,34,65,34.3,24,47,33.8,17,23,42.5,43.8,94.7
22,2024-11-22,,Winnipeg Jets,1,4,L,,,18,11,1,3,0,,30,11,1,3,0,,39,53,42.4,25,41,37.9,29,26,52.7,43.2,88.5
23,2024-11-23,,Utah Hockey Club,1,6,L,,,28,8,1,4,0,,30,8,3,4,0,,46,41,52.9,30,33,47.6,28,20,58.3,45.4,87.0
24,2024-11-27,,Vancouver Canucks,5,4,W,,,23,2,1,4,0,,29,8,0,1,0,,38,50,43.2,28,30,48.3,32,17,65.3,27.6,109.0
25,2024-11-29,@,Boston Bruins,2,1,W,,,36,8,0,2,0,,32,6,0,3,0,,56,46,54.9,44,32,57.9,25,21,54.3,53.8,102.2
26,2024-11-30,,Calgary Flames,6,2,W,,,43,6,3,5,0,,32,20,0,3,0,,58,60,49.2,45,38,54.2,27,22,55.1,51.5,101.3
27,2024-12-03,,Florida Panthers,,,,,,,,,,,,,,,,,,,,,,,,,,,,
