 
,,,,,,,,,Team,Team,Team,Team,Team,,Opponent,Opponent,Opponent,Opponent,Opponent,,Advanced (at Even Strength),Advanced (at Even Strength),Advanced (at Even Strength),Advanced (at Even Strength),Advanced (at Even Strength),Advanced (at Even Strength),Advanced (at Even Strength),Advanced (at Even Strength),Advanced (at Even Strength),Advanced (at Even Strength),Advanced (at Even Strength)
GP,Date,,Opponent,GF,GA,,,,S,PIM,PPG,PPO,SHG,,S,PIM,PPG,PPO,SHG,,CF,CA,CF%,FF,FA,FF%,FOW,FOL,FO%,oZS%,PDO
1,2024-10-08,,Chicago Blackhawks,5,2,W,,,27,11,0,1,0,,26,17,0,3,0,,57,62,47.9,41,41,50.0,26,27,49.1,45.5,111.7
2,2024-10-10,@,New York Islanders,5,4,W,OT,,26,12,2,2,0,,27,4,1,6,1,,56,41,57.7,36,28,56.3,27,27,50.0,48.2,100.0
3,2024-10-12,@,New York Rangers,6,5,W,OT,,26,26,1,4,0,,34,28,1,3,0,,53,60,46.9,38,47,44.7,22,28,44.0,38.2,110.0
4,2024-10-14,@,New Jersey Devils,0,3,L,,,20,14,0,4,0,,32,8,2,7,0,,36,36,50.0,25,20,55.6,14,12,53.8,58.9,93.3
5,2024-10-16,@,Anaheim Ducks,4,5,L,OT,,30,14,1,2,0,,34,8,0,5,0,,56,54,50.9,36,39,48.0,33,20,62.3,63.6,96.4
6,2024-10-19,,Boston Bruins,2,1,W,OT,,32,8,0,4,0,,22,10,0,3,0,,56,29,65.9,38,22,63.3,17,18,48.6,73.4,101.3
7,2024-10-22,,Ottawa Senators,0,4,L,,,31,6,0,2,0,,22,8,1,1,0,,61,43,58.7,46,31,59.7,32,21,60.4,40.2,85.0
8,2024-10-24,,Colorado Avalanche,1,5,L,,,26,8,0,3,0,,26,6,2,4,0,,50,32,61.0,32,25,56.1,29,15,65.9,68.0,89.8
9,2024-10-26,@,Los Angeles Kings,2,3,L,,,26,6,0,3,0,,23,6,1,3,0,,53,41,56.4,38,30,55.9,33,20,62.3,52.4,98.2
10,2024-10-28,,San Jose Sharks,4,5,L,OT,,23,13,0,2,0,,46,9,1,4,0,,52,60,46.4,37,47,44.0,34,26,56.7,39.4,108.5
11,2024-10-30,,Calgary Flames,5,1,W,,,28,8,2,4,0,,31,10,0,3,0,,51,43,54.3,31,31,50.0,30,21,58.8,56.2,111.8
12,2024-11-02,@,Vegas Golden Knights,3,4,L,OT,,19,7,0,0,0,,35,5,0,1,0,,51,54,48.6,34,45,43.0,25,24,51.0,43.2,104.0
13,2024-11-05,@,Winnipeg Jets,0,3,L,,,21,4,0,4,0,,28,8,1,2,0,,42,40,51.2,26,37,41.3,25,24,51.0,65.0,92.6
14,2024-11-07,@,St. Louis Blues,4,2,W,,,31,24,0,2,0,,15,21,0,3,0,,56,30,65.1,41,16,71.9,31,23,57.4,52.6,97.1
15,2024-11-09,@,Nashville Predators,0,4,L,,,27,13,0,2,0,,21,9,2,4,0,,53,29,64.6,41,23,64.1,16,22,42.1,72.5,86.7
16,2024-11-13,,Carolina Hurricanes,4,1,W,,,21,25,0,1,0,,50,2,1,6,0,,45,65,40.9,30,47,39.0,24,34,41.4,38.1,120.0
17,2024-11-15,,Vegas Golden Knights,2,4,L,,,32,11,1,4,0,,29,23,2,3,0,,71,39,64.5,44,31,58.7,31,22,58.5,52.9,95.4
18,2024-11-18,,Washington Capitals,2,6,L,,,26,13,0,7,0,,24,21,1,3,0,,46,24,65.7,28,20,58.3,21,21,50.0,64.9,79.9
19,2024-11-21,@,Boston Bruins,0,1,L,,,22,24,0,4,0,,31,18,1,7,0,,41,34,54.7,31,21,59.6,17,19,47.2,56.9,100.0
20,2024-11-23,@,Pittsburgh Penguins,6,1,W,,,30,8,3,4,0,,28,8,1,4,0,,41,44,48.2,33,30,52.4,20,28,41.7,54.6,113.0
21,2024-11-24,@,Toronto Maple Leafs,2,3,L,,,26,12,1,2,0,,35,4,1,6,0,,49,48,50.5,38,39,49.4,24,25,49.0,57.6,97.3
22,2024-11-26,@,Montreal Canadiens,3,2,W,OT,,29,8,0,4,0,,13,20,0,3,0,,58,38,60.4,40,24,62.5,15,18,45.5,56.8,96.6
23,2024-11-29,,Edmonton Oilers,3,4,L,OT,,31,6,0,1,0,,32,2,2,3,0,,52,47,52.5,43,33,56.6,22,23,48.9,38.4,102.3
24,2024-11-30,@,Vegas Golden Knights,6,0,W,,,28,13,1,3,1,,29,11,0,4,0,,48,49,49.5,36,34,51.4,12,25,32.4,61.5,117.4
