,,,,,,,,,Team,Team,Team,Team,Team,,Opponent,Opponent,Opponent,Opponent,Opponent,,Advanced (at Even Strength),Advanced (at Even Strength),Advanced (at Even Strength),Advanced (at Even Strength),Advanced (at Even Strength),Advanced (at Even Strength),Advanced (at Even Strength),Advanced (at Even Strength),Advanced (at Even Strength),Advanced (at Even Strength),Advanced (at Even Strength)
GP,Date,,Opponent,GF,GA,,,,S,PIM,PPG,PPO,SHG,,S,PIM,PPG,PPO,SHG,,CF,CA,CF%,FF,FA,FF%,FOW,FOL,FO%,oZS%,PDO
1,2024-10-09,@,Edmonton Oilers,6,0,W,,,20,2,2,3,0,,30,6,0,1,0,,37,69,34.9,28,42,40.0,19,22,46.3,30.8,122.2
2,2024-10-11,,Chicago Blackhawks,2,1,W,OT,,35,2,0,2,0,,26,4,0,1,0,,65,47,58.0,46,40,53.5,33,19,63.5,62.8,102.1
3,2024-10-13,,Minnesota Wild,2,1,W,OT,,35,6,1,2,0,,27,4,0,3,0,,65,43,60.2,47,35,57.3,23,25,47.9,44.4,99.1
4,2024-10-18,,San Jose Sharks,8,3,W,,,36,4,4,7,0,,22,14,1,2,0,,54,38,58.7,38,30,55.9,21,21,50.0,68.1,104.2
5,2024-10-20,,Pittsburgh Penguins,6,3,W,,,37,4,0,2,0,,42,6,1,1,0,,62,78,44.3,51,55,48.1,27,29,48.2,53.9,111.0
6,2024-10-22,@,St. Louis Blues,3,2,W,,,24,4,1,2,0,,29,4,0,2,0,,55,53,50.9,33,37,47.1,23,19,54.8,51.6,102.3
7,2024-10-24,@,Seattle Kraken,4,3,W,OT,,36,4,0,1,0,,32,2,0,2,0,,52,54,49.1,35,42,45.5,36,32,52.9,58.8,102.1
8,2024-10-26,@,Calgary Flames,5,3,W,,,35,12,2,4,1,,29,22,0,4,0,,51,56,47.7,34,43,44.2,28,30,48.3,62.9,97.3
9,2024-10-28,,Toronto Maple Leafs,4,6,L,,,23,4,2,4,0,,36,8,0,2,0,,39,47,45.3,24,38,38.7,13,30,30.2,44.4,92.5
10,2024-10-30,@,Detroit Red Wings,6,2,W,,,29,6,1,2,0,,21,4,2,3,0,,47,45,51.1,39,30,56.5,28,17,62.2,50.0,119.2
11,2024-11-01,@,Columbus Blue Jackets,6,2,W,,,44,4,1,2,0,,22,4,1,2,0,,67,38,63.8,54,28,65.9,23,25,47.9,51.6,106.9
12,2024-11-03,,Tampa Bay Lightning,7,4,W,,,34,19,1,3,0,,30,31,1,2,0,,44,46,48.9,39,35,52.7,32,33,49.2,50.0,108.2
13,2024-11-05,,Utah Hockey Club,3,0,W,,,28,8,1,2,0,,21,4,0,4,0,,41,41,50.0,37,26,58.7,24,25,49.0,35.0,107.4
14,2024-11-07,,Colorado Avalanche,1,0,W,,,28,2,0,2,0,,35,4,0,1,0,,43,64,40.2,30,51,37.0,28,22,56.0,51.4,104.2
15,2024-11-09,,Dallas Stars,4,1,W,,,25,15,2,5,0,,33,27,0,4,0,,34,50,40.5,27,38,41.5,21,20,51.2,33.8,108.0
16,2024-11-12,@,New York Rangers,6,3,W,,,33,8,1,2,0,,36,4,1,4,0,,50,54,48.1,38,44,46.3,15,28,34.9,60.0,110.0
17,2024-11-14,@,Tampa Bay Lightning,1,4,L,,,24,6,0,5,0,,29,10,1,3,0,,50,47,51.5,34,39,46.6,21,18,53.8,56.0,92.8
18,2024-11-16,@,Florida Panthers,0,5,L,,,27,43,0,2,0,,31,31,0,3,1,,41,41,50.0,30,30,50.0,30,19,61.2,59.8,84.6
19,2024-11-19,,Florida Panthers,6,3,W,,,27,10,1,4,2,,23,10,2,4,0,,49,48,50.5,37,39,48.7,20,27,42.6,48.4,112.4
20,2024-11-22,@,Pittsburgh Penguins,4,1,W,,,30,11,1,3,0,,18,11,1,3,0,,53,37,58.9,41,25,62.1,26,29,47.3,56.8,111.5
21,2024-11-23,@,Nashville Predators,1,4,L,,,24,8,0,3,0,,36,8,1,3,0,,38,55,40.9,26,42,38.2,17,23,42.5,36.9,95.9
22,2024-11-25,@,Minnesota Wild,4,1,W,,,32,6,1,3,0,,44,8,0,2,0,,54,59,47.8,39,42,48.1,18,22,45.0,50.0,108.0
23,2024-11-27,@,Los Angeles Kings,1,4,L,,,14,6,1,3,0,,33,8,1,2,0,,37,58,38.9,24,47,33.8,25,25,50.0,37.2,90.3
24,2024-11-29,@,Vegas Golden Knights,3,4,L,,,25,4,0,3,0,,30,6,0,2,0,,47,43,52.2,40,32,55.6,15,23,39.5,24.0,97.0
25,2024-12-01,@,Dallas Stars,1,3,L,,,27,10,0,2,0,,31,4,0,5,0,,52,42,55.3,37,33,52.9,27,19,58.7,66.7,89.7
26,2024-12-03,,St. Louis Blues,,,,,,,,,,,,,,,,,,,,,,,,,,,,
