,,,,,,,,,Team,Team,Team,Team,Team,,Opponent,Opponent,Opponent,Opponent,Opponent,,Advanced (at Even Strength),Advanced (at Even Strength),Advanced (at Even Strength),Advanced (at Even Strength),Advanced (at Even Strength),Advanced (at Even Strength),Advanced (at Even Strength),Advanced (at Even Strength),Advanced (at Even Strength),Advanced (at Even Strength),Advanced (at Even Strength)
GP,Date,,Opponent,GF,GA,,,,S,PIM,PPG,PPO,SHG,,S,PIM,PPG,PPO,SHG,,CF,CA,CF%,FF,FA,FF%,FOW,FOL,FO%,oZS%,PDO
1,2024-10-09,,Toronto Maple Leafs,1,0,W,,,27,8,1,5,0,,48,10,0,4,0,,33,90,26.8,21,70,23.1,7,14,33.3,30.8,100.0
2,2024-10-10,@,Boston Bruins,4,6,L,,,24,10,1,6,0,,29,12,1,5,0,,46,39,54.1,34,30,53.1,25,20,55.6,46.5,93.1
3,2024-10-12,,Ottawa Senators,4,1,W,,,26,10,1,4,0,,25,10,0,4,0,,32,47,40.5,21,33,38.9,24,17,58.5,39.0,112.1
4,2024-10-14,,Pittsburgh Penguins,3,6,L,,,28,4,1,2,0,,30,6,0,1,0,,51,69,42.5,35,48,42.2,15,29,34.1,50.3,89.1
5,2024-10-17,,Los Angeles Kings,1,4,L,,,27,4,0,5,0,,32,10,0,2,1,,43,57,43.0,31,40,43.7,30,13,69.8,38.2,93.6
6,2024-10-19,@,New York Islanders,3,4,L,SO,,24,12,1,1,0,,36,2,1,6,0,,43,55,43.9,34,39,46.6,20,20,50.0,29.0,102.4
7,2024-10-22,,New York Rangers,2,7,L,,,23,25,1,3,0,,45,15,1,3,0,,46,67,40.7,32,53,37.6,21,18,53.8,47.4,87.9
8,2024-10-26,,St. Louis Blues,5,2,W,,,26,6,1,3,0,,31,6,0,3,0,,53,51,51.0,36,36,50.0,18,21,46.2,48.0,107.7
9,2024-10-27,@,Philadelphia Flyers,4,3,W,,,24,6,1,2,0,,26,4,0,3,0,,42,60,41.2,30,39,43.5,17,33,34.0,33.7,100.7
10,2024-10-29,,Seattle Kraken,2,8,L,,,30,26,0,4,0,,23,12,3,6,0,,54,34,61.4,38,22,63.3,21,27,43.8,60.0,75.4
11,2024-10-31,@,Washington Capitals,3,6,L,,,15,15,1,6,0,,34,17,1,5,0,,29,60,32.6,15,44,25.4,21,18,53.8,36.0,99.2
12,2024-11-02,@,Pittsburgh Penguins,1,3,L,,,26,13,0,2,0,,24,11,1,2,0,,51,55,48.1,30,32,48.4,18,24,42.9,52.0,94.2
13,2024-11-05,,Calgary Flames,2,3,L,OT,,24,2,1,3,1,,35,6,0,1,0,,47,69,40.5,36,49,42.4,32,20,61.5,51.4,90.9
14,2024-11-07,@,New Jersey Devils,3,5,L,,,24,6,0,2,0,,27,4,0,3,0,,47,42,52.8,30,31,49.2,21,20,51.2,42.9,90.3
15,2024-11-09,@,Toronto Maple Leafs,1,4,L,,,21,10,1,2,0,,27,6,2,4,1,,53,31,63.1,31,26,54.4,22,29,43.1,53.3,94.1
16,2024-11-11,@,Buffalo Sabres,7,5,W,,,23,10,2,6,0,,18,14,1,4,0,,32,32,50.0,18,20,47.4,17,31,35.4,53.1,93.3
17,2024-11-14,@,Minnesota Wild,0,3,L,,,19,8,0,3,0,,28,8,1,3,0,,39,36,52.0,24,27,47.1,21,16,56.8,49.6,90.5
18,2024-11-16,,Columbus Blue Jackets,5,1,W,,,30,13,1,4,0,,26,13,0,4,0,,38,42,47.5,29,30,49.2,26,22,54.2,49.5,111.9
19,2024-11-18,,Edmonton Oilers,3,0,W,,,25,8,0,2,0,,30,6,0,3,0,,55,44,55.6,40,32,55.6,13,15,46.4,40.6,113.0
20,2024-11-23,,Vegas Golden Knights,2,6,L,,,17,4,1,2,0,,28,4,0,2,0,,51,41,55.4,33,28,54.1,20,25,44.4,45.5,82.3
21,2024-11-26,,Utah Hockey Club,2,3,L,OT,,13,20,0,3,0,,29,8,0,4,0,,39,58,40.2,24,40,37.5,18,15,54.5,43.2,103.4
22,2024-11-27,@,Columbus Blue Jackets,4,3,W,OT,,23,13,1,2,0,,24,11,0,3,0,,53,42,55.8,35,32,52.2,31,23,57.4,48.1,102.0
23,2024-11-30,@,New York Rangers,3,4,L,,,28,23,0,3,0,,28,17,3,6,0,,49,45,52.1,40,32,55.6,23,27,46.0,50.0,107.2
24,2024-12-01,@,Boston Bruins,3,6,L,,,29,16,0,2,0,,30,16,0,2,1,,52,51,50.5,33,40,45.2,20,29,40.8,63.3,93.3
