,,,,,,,,,Team,Team,Team,Team,Team,,Opponent,Opponent,Opponent,Opponent,Opponent,,Advanced (at Even Strength),Advanced (at Even Strength),Advanced (at Even Strength),Advanced (at Even Strength),Advanced (at Even Strength),Advanced (at Even Strength),Advanced (at Even Strength),Advanced (at Even Strength),Advanced (at Even Strength),Advanced (at Even Strength),Advanced (at Even Strength)
GP,Date,,Opponent,GF,GA,,,,S,PIM,PPG,PPO,SHG,,S,PIM,PPG,PPO,SHG,,CF,CA,CF%,FF,FA,FF%,FOW,FOL,FO%,oZS%,PDO
1,2024-10-08,,Boston Bruins,6,4,W,,,35,15,0,6,1,,28,19,1,4,1,,55,37,59.8,42,30,58.3,20,21,48.8,58.3,106.8
2,2024-10-10,@,Ottawa Senators,1,3,L,,,32,6,0,2,0,,31,4,1,3,0,,74,41,64.3,44,32,57.9,22,28,44.0,51.4,95.4
3,2024-10-12,@,Buffalo Sabres,2,5,L,,,25,8,1,2,0,,27,6,0,3,0,,38,58,39.6,22,47,31.9,25,26,49.0,48.1,85.6
4,2024-10-14,@,Boston Bruins,4,3,W,,,26,19,1,5,1,,27,21,0,4,0,,36,37,49.3,30,32,48.4,17,26,39.5,50.0,97.0
5,2024-10-15,@,Columbus Blue Jackets,4,3,W,,,22,4,0,3,0,,38,6,0,2,1,,37,61,37.8,24,52,31.6,22,29,43.1,44.4,116.7
6,2024-10-17,,Vancouver Canucks,2,3,L,OT,,28,11,1,1,0,,33,9,0,2,0,,60,52,53.6,41,43,48.8,28,29,49.1,63.4,94.3
7,2024-10-19,,Vegas Golden Knights,4,3,W,OT,,49,2,1,2,0,,26,4,0,1,0,,81,52,60.9,55,36,60.4,25,36,41.0,65.1,94.2
8,2024-10-22,,Minnesota Wild,1,5,L,,,25,4,0,0,0,,22,0,1,2,0,,60,42,58.8,38,30,55.9,21,27,43.8,83.9,85.0
9,2024-10-24,@,New York Rangers,3,1,W,,,29,8,0,2,0,,25,4,0,4,0,,51,41,55.4,38,31,55.1,17,21,44.7,42.9,107.2
10,2024-10-26,@,New York Islanders,6,3,W,,,29,6,1,2,1,,28,4,0,3,0,,51,53,49.0,42,41,50.6,27,28,49.1,38.9,103.5
11,2024-10-28,@,Buffalo Sabres,5,2,W,,,31,10,2,4,0,,28,12,1,3,0,,44,44,50.0,33,36,47.8,16,31,34.0,59.8,107.5
12,2024-11-01,@,Dallas Stars,6,4,W,,,28,8,1,2,1,,36,6,0,3,0,,48,49,49.5,30,39,43.5,27,27,50.0,50.0,101.9
13,2024-11-02,,Dallas Stars,4,2,W,,,25,15,1,4,0,,25,15,1,4,0,,28,43,39.4,22,30,42.3,20,20,50.0,43.8,114.7
14,2024-11-07,,Nashville Predators,6,2,W,,,34,18,2,7,0,,18,22,1,5,0,,45,25,64.3,37,18,67.3,19,25,43.2,76.1,105.4
15,2024-11-09,,Philadelphia Flyers,4,3,W,SO,,31,6,0,2,0,,37,6,0,2,0,,63,47,57.3,48,40,54.5,29,24,54.7,50.9,101.3
16,2024-11-12,,New Jersey Devils,1,4,L,,,35,11,1,3,0,,24,15,0,1,0,,67,45,59.8,51,37,58.0,32,19,62.7,67.6,83.3
17,2024-11-14,,New Jersey Devils,2,6,L,,,27,17,0,5,0,,29,17,3,5,1,,48,39,55.2,34,30,53.1,17,25,40.5,42.1,101.2
18,2024-11-16,,Winnipeg Jets,5,0,W,,,31,31,0,3,1,,27,43,0,2,0,,44,41,51.8,30,30,50.0,19,30,38.8,40.2,115.4
19,2024-11-19,@,Winnipeg Jets,3,6,L,,,23,10,2,4,0,,27,10,1,4,2,,48,49,49.5,39,37,51.3,27,20,57.4,51.6,87.6
20,2024-11-21,@,Chicago Blackhawks,1,3,L,,,33,2,0,2,0,,20,4,1,1,0,,59,32,64.8,42,24,63.6,31,23,57.4,59.5,91.6
21,2024-11-23,,Colorado Avalanche,4,7,L,,,31,4,1,4,0,,25,10,0,1,0,,58,47,55.2,40,33,54.8,33,26,55.9,58.1,83.5
22,2024-11-25,,Washington Capitals,1,4,L,,,21,10,0,4,0,,31,10,1,4,0,,42,60,41.2,33,45,42.3,17,27,38.6,42.8,94.3
23,2024-11-27,,Toronto Maple Leafs,5,1,W,,,24,6,2,5,1,,24,10,1,3,0,,37,35,51.4,24,24,50.0,20,27,42.6,59.4,112.5
24,2024-11-29,@,Carolina Hurricanes,6,3,W,,,30,10,0,2,1,,31,6,1,5,0,,45,56,44.6,32,43,42.7,25,29,46.3,46.8,113.4
25,2024-11-30,,Carolina Hurricanes,6,0,W,,,35,8,3,6,0,,20,16,0,2,0,,45,38,54.2,38,25,60.3,24,23,51.1,53.0,110.0
26,2024-12-03,@,Pittsburgh Penguins,,,,,,,,,,,,,,,,,,,,,,,,,,,,
