,,,,,,,,,Team,Team,Team,Team,Team,,Opponent,Opponent,Opponent,Opponent,Opponent,,Advanced (at Even Strength),Advanced (at Even Strength),Advanced (at Even Strength),Advanced (at Even Strength),Advanced (at Even Strength),Advanced (at Even Strength),Advanced (at Even Strength),Advanced (at Even Strength),Advanced (at Even Strength),Advanced (at Even Strength),Advanced (at Even Strength)
GP,Date,,Opponent,GF,GA,,,,S,PIM,PPG,PPO,SHG,,S,PIM,PPG,PPO,SHG,,CF,CA,CF%,FF,FA,FF%,FOW,FOL,FO%,oZS%,PDO
1,2024-10-09,,Calgary Flames,5,6,L,OT,,24,15,2,4,0,,26,17,1,3,1,,51,50,50.5,30,39,43.5,27,25,51.9,42.7,98.4
2,2024-10-11,,Philadelphia Flyers,2,3,L,SO,,26,8,0,5,0,,31,10,1,4,0,,54,37,59.3,34,27,55.7,28,21,57.1,41.3,107.0
3,2024-10-15,@,Tampa Bay Lightning,1,4,L,,,27,14,1,3,0,,27,8,0,5,0,,52,49,51.5,30,38,44.1,21,19,52.5,53.3,84.0
4,2024-10-17,@,Florida Panthers,3,2,W,OT,,33,9,0,2,0,,28,11,1,1,0,,52,59,46.8,43,41,51.2,29,28,50.9,36.6,105.7
5,2024-10-19,@,Philadelphia Flyers,3,0,W,,,32,8,0,2,0,,26,6,0,3,0,,52,47,52.5,41,38,51.9,24,25,49.0,63.9,109.7
6,2024-10-22,@,Chicago Blackhawks,6,3,W,,,30,10,2,3,0,,34,6,1,5,0,,50,44,53.2,36,33,52.2,19,29,39.6,53.3,108.3
7,2024-10-26,,Pittsburgh Penguins,4,3,W,,,34,4,0,3,0,,24,6,0,2,0,,52,40,56.5,40,32,55.6,27,22,55.1,68.8,99.0
8,2024-10-28,,Carolina Hurricanes,3,4,L,OT,,27,6,0,3,0,,32,6,0,3,0,,43,42,50.6,32,35,47.8,24,22,52.2,51.6,97.1
9,2024-10-30,,New Jersey Devils,0,6,L,,,20,11,0,4,0,,22,15,1,2,1,,43,48,47.3,34,35,49.3,23,27,46.0,60.2,77.8
10,2024-11-02,@,San Jose Sharks,3,2,W,,,28,4,0,2,0,,23,4,0,2,0,,62,45,57.9,41,34,54.7,18,16,52.9,52.6,103.3
11,2024-11-05,@,Anaheim Ducks,5,1,W,,,37,8,1,5,0,,22,10,1,4,0,,56,26,68.3,37,21,63.8,24,18,57.1,56.7,115.4
12,2024-11-07,@,Los Angeles Kings,4,2,W,,,23,12,1,3,0,,28,21,0,4,0,,46,43,51.7,33,30,52.4,18,15,54.5,43.5,107.1
13,2024-11-09,,Edmonton Oilers,3,7,L,,,20,6,1,2,0,,31,4,1,3,0,,36,47,43.4,28,37,43.1,30,24,55.6,51.4,86.1
14,2024-11-12,,Calgary Flames,3,1,W,,,32,4,1,3,0,,29,6,0,2,0,,45,46,49.5,37,32,53.6,33,21,61.1,46.3,103.1
15,2024-11-14,,New York Islanders,2,5,L,,,26,15,0,1,0,,32,7,1,5,0,,48,47,50.5,30,36,45.5,17,25,40.5,44.0,96.8
16,2024-11-16,,Chicago Blackhawks,4,1,W,,,33,2,1,3,0,,29,6,0,1,0,,61,41,59.8,43,32,57.3,28,17,62.2,55.9,106.9
17,2024-11-17,,Nashville Predators,3,5,L,,,27,4,1,2,0,,22,4,2,2,0,,56,48,53.8,38,35,52.1,24,21,53.3,62.1,91.9
18,2024-11-19,,New York Rangers,3,4,L,,,24,6,0,3,0,,33,8,0,2,0,,39,48,44.8,24,36,40.0,21,36,36.8,51.9,100.7
19,2024-11-23,@,Ottawa Senators,4,3,W,,,21,30,1,6,0,,29,33,2,3,0,,28,39,41.8,23,25,47.9,16,26,38.1,34.7,111.8
20,2024-11-26,@,Boston Bruins,2,0,W,,,15,6,1,2,0,,33,4,0,3,0,,24,60,28.6,15,37,28.8,18,32,36.0,39.4,107.7
21,2024-11-27,@,Pittsburgh Penguins,4,5,L,,,29,8,0,1,0,,23,2,1,4,0,,51,37,58.0,30,28,51.7,17,32,34.7,72.4,91.0
22,2024-11-29,@,Buffalo Sabres,4,3,W,OT,,22,10,1,4,0,,34,8,0,5,0,,38,50,43.2,26,38,40.6,23,15,60.5,48.3,105.6
23,2024-12-01,@,Detroit Red Wings,5,4,W,OT,,32,8,2,4,0,,31,8,1,4,0,,56,36,60.9,41,28,59.4,27,24,52.9,54.3,95.8
24,2024-12-03,@,Minnesota Wild,,,,,,,,,,,,,,,,,,,,,,,,,,,,
