,,,,,,,,,Team,Team,Team,Team,Team,,Opponent,Opponent,Opponent,Opponent,Opponent,,Advanced (at Even Strength),Advanced (at Even Strength),Advanced (at Even Strength),Advanced (at Even Strength),Advanced (at Even Strength),Advanced (at Even Strength),Advanced (at Even Strength),Advanced (at Even Strength),Advanced (at Even Strength),Advanced (at Even Strength),Advanced (at Even Strength)
GP,Date,,Opponent,GF,GA,,,,S,PIM,PPG,PPO,SHG,,S,PIM,PPG,PPO,SHG,,CF,CA,CF%,FF,FA,FF%,FOW,FOL,FO%,oZS%,PDO
1,2024-10-08,@,Florida Panthers,4,6,L,,,28,19,1,4,1,,35,15,0,6,1,,38,55,40.9,30,42,41.7,21,20,51.2,41.7,93.2
2,2024-10-10,,Montreal Canadiens,6,4,W,,,29,12,1,5,0,,24,10,1,6,0,,44,46,48.9,30,34,46.9,20,25,44.4,53.5,106.9
3,2024-10-12,,Los Angeles Kings,2,1,W,OT,,26,10,0,5,0,,34,10,0,5,0,,43,40,51.8,28,28,50.0,15,18,45.5,50.4,105.0
4,2024-10-14,,Florida Panthers,3,4,L,,,27,21,0,4,0,,26,19,1,5,1,,38,36,51.4,32,30,51.6,26,17,60.5,50.0,103.0
5,2024-10-16,@,Colorado Avalanche,5,3,W,,,26,11,2,4,0,,25,13,3,3,0,,45,50,47.4,29,36,44.6,34,19,64.2,44.4,115.0
6,2024-10-19,@,Utah Hockey Club,1,2,L,OT,,22,10,0,3,0,,32,8,0,4,0,,31,55,36.0,22,38,36.7,18,17,51.4,26.6,98.7
7,2024-10-22,@,Nashville Predators,0,4,L,,,33,17,0,4,0,,42,13,1,6,0,,41,55,42.7,30,42,41.7,19,25,43.2,52.8,90.9
8,2024-10-24,,Dallas Stars,2,5,L,,,27,10,1,4,0,,32,8,3,5,0,,45,40,52.9,36,27,57.1,22,18,55.0,46.1,95.7
9,2024-10-26,,Toronto Maple Leafs,4,3,W,OT,,34,8,1,5,0,,23,12,0,3,0,,51,52,49.5,36,34,51.4,12,29,29.3,56.6,95.7
10,2024-10-29,,Philadelphia Flyers,0,2,L,,,25,6,0,4,0,,19,10,0,2,0,,56,39,58.9,29,29,50.0,12,26,31.6,68.0,88.2
11,2024-10-31,@,Carolina Hurricanes,2,8,L,,,15,10,1,5,0,,37,10,3,5,0,,23,47,32.9,15,38,28.3,28,27,50.9,28.9,92.6
12,2024-11-02,@,Philadelphia Flyers,3,0,W,,,31,14,0,2,0,,20,12,0,3,0,,55,40,57.9,36,24,60.0,17,18,48.6,45.5,112.5
13,2024-11-03,,Seattle Kraken,2,0,W,,,33,11,1,5,0,,23,15,0,3,0,,51,47,52.0,40,29,58.0,25,16,61.0,38.7,104.2
14,2024-11-05,@,Toronto Maple Leafs,0,4,L,,,29,16,0,6,0,,27,14,3,7,0,,38,34,52.8,26,27,49.1,20,20,50.0,48.3,94.7
15,2024-11-07,,Calgary Flames,4,3,W,OT,,38,10,0,2,0,,37,8,1,3,0,,56,54,50.9,40,42,48.8,31,25,55.4,54.1,106.6
16,2024-11-09,,Ottawa Senators,2,3,L,OT,,16,6,0,2,0,,34,4,1,3,0,,33,50,39.8,19,38,33.3,19,19,50.0,43.5,109.3
17,2024-11-12,@,St. Louis Blues,3,2,W,,,30,6,0,4,0,,22,8,2,3,0,,46,28,62.2,36,22,62.1,22,16,57.9,59.1,113.6
18,2024-11-14,@,Dallas Stars,2,7,L,,,25,19,0,2,0,,38,9,0,2,0,,44,52,45.8,34,43,44.2,34,22,60.7,43.2,89.5
19,2024-11-16,,St. Louis Blues,2,3,L,OT,,18,6,0,1,0,,31,4,0,2,0,,38,57,40.0,28,48,36.8,30,23,56.6,40.2,102.5
20,2024-11-18,,Columbus Blue Jackets,1,5,L,,,29,11,1,6,0,,28,19,0,2,2,,52,39,57.1,35,30,53.8,24,21,53.3,52.4,87.0
21,2024-11-21,,Utah Hockey Club,1,0,W,,,31,18,1,7,0,,22,24,0,4,0,,34,40,45.9,21,31,40.4,19,17,52.8,43.1,100.0
22,2024-11-23,@,Detroit Red Wings,2,1,W,,,29,8,1,2,0,,20,4,0,4,0,,44,38,53.7,35,24,59.3,23,22,51.1,56.3,96.9
23,2024-11-26,,Vancouver Canucks,0,2,L,,,33,4,0,3,0,,15,6,1,2,0,,62,24,72.1,37,15,71.2,32,18,64.0,60.6,92.3
24,2024-11-27,@,New York Islanders,6,3,W,,,21,2,0,0,0,,24,0,0,1,0,,47,50,48.5,35,36,49.3,26,29,47.3,57.6,114.9
25,2024-11-29,,Pittsburgh Penguins,1,2,L,,,32,6,0,3,0,,36,8,0,2,0,,48,55,46.6,32,44,42.1,21,25,45.7,46.2,97.8
26,2024-12-01,,Montreal Canadiens,6,3,W,,,30,16,0,2,1,,29,16,0,2,0,,52,52,50.0,40,33,54.8,29,20,59.2,36.7,106.7
27,2024-12-03,,Detroit Red Wings,,,,,,,,,,,,,,,,,,,,,,,,,,,,
