,,,,,,,,,Team,Team,Team,Team,Team,,Opponent,Opponent,Opponent,Opponent,Opponent,,Advanced (at Even Strength),Advanced (at Even Strength),Advanced (at Even Strength),Advanced (at Even Strength),Advanced (at Even Strength),Advanced (at Even Strength),Advanced (at Even Strength),Advanced (at Even Strength),Advanced (at Even Strength),Advanced (at Even Strength),Advanced (at Even Strength)
GP,Date,,Opponent,GF,GA,,,,S,PIM,PPG,PPO,SHG,,S,PIM,PPG,PPO,SHG,,CF,CA,CF%,FF,FA,FF%,FOW,FOL,FO%,oZS%,PDO
1,2024-10-09,@,Vancouver Canucks,6,5,W,OT,,26,17,1,3,1,,24,15,2,4,0,,51,50,50.5,39,30,56.5,25,27,48.1,57.3,101.6
2,2024-10-12,,Philadelphia Flyers,6,3,W,,,32,15,2,5,0,,40,27,1,4,1,,46,57,44.7,33,44,42.9,22,25,46.8,38.6,112.1
3,2024-10-13,@,Edmonton Oilers,4,1,W,,,29,2,0,3,0,,26,6,0,1,0,,58,56,50.9,40,40,50.0,19,25,43.2,37.0,112.2
4,2024-10-15,,Chicago Blackhawks,3,1,W,,,27,4,1,3,0,,32,6,0,2,0,,45,57,44.1,29,38,43.3,30,29,50.8,45.5,105.5
5,2024-10-19,@,Seattle Kraken,1,2,L,OT,,22,12,1,3,0,,23,6,1,6,0,,50,44,53.2,38,30,55.9,21,29,42.0,28.7,94.7
6,2024-10-22,,Pittsburgh Penguins,4,3,W,SO,,25,8,0,4,0,,38,8,1,4,0,,45,52,46.4,25,44,36.2,24,36,40.0,50.0,113.9
7,2024-10-24,,Carolina Hurricanes,2,4,L,,,32,10,0,2,0,,43,8,1,3,0,,50,65,43.5,34,49,41.0,25,38,39.7,50.2,99.3
8,2024-10-26,,Winnipeg Jets,3,5,L,,,29,22,0,4,0,,35,12,2,4,1,,59,49,54.6,43,34,55.8,30,28,51.7,37.1,102.7
9,2024-10-28,@,Vegas Golden Knights,0,5,L,,,16,4,0,1,0,,38,2,0,2,0,,53,61,46.5,27,39,40.9,25,31,44.6,33.3,84.8
10,2024-10-30,@,Utah Hockey Club,1,5,L,,,31,10,0,3,0,,28,8,2,4,0,,44,50,46.8,31,31,50.0,21,30,41.2,43.8,88.2
11,2024-11-01,,New Jersey Devils,3,0,W,,,32,13,0,4,0,,22,25,0,3,0,,46,37,55.4,35,22,61.4,27,26,50.9,60.6,111.1
12,2024-11-03,,Edmonton Oilers,2,4,L,,,31,8,1,2,0,,31,6,1,3,0,,61,49,55.5,38,35,52.1,31,24,56.4,47.5,93.5
13,2024-11-05,@,Montreal Canadiens,3,2,W,OT,,35,6,0,1,0,,24,2,1,3,1,,70,47,59.8,49,36,57.6,20,32,38.5,48.6,109.1
14,2024-11-07,@,Boston Bruins,3,4,L,OT,,37,8,1,3,0,,38,10,0,2,0,,56,56,50.0,42,40,51.2,25,31,44.6,45.9,93.4
15,2024-11-09,@,Buffalo Sabres,2,3,L,SO,,26,6,0,3,0,,19,8,1,2,0,,53,42,55.8,37,30,55.2,24,34,41.4,63.2,102.1
16,2024-11-11,,Los Angeles Kings,3,1,W,,,28,9,0,2,0,,29,11,0,1,0,,52,76,40.6,34,42,44.7,20,17,54.1,32.0,109.5
17,2024-11-12,@,Vancouver Canucks,1,3,L,,,29,6,0,2,0,,32,4,1,3,0,,47,44,51.6,32,37,46.4,21,33,38.9,53.7,96.9
18,2024-11-15,,Nashville Predators,2,0,W,,,33,11,0,4,0,,29,15,0,2,0,,53,59,47.3,40,41,49.4,32,39,45.1,53.1,108.7
19,2024-11-19,,New York Islanders,2,1,W,SO,,31,6,1,1,0,,29,2,0,3,0,,60,42,58.8,36,35,50.7,22,38,36.7,59.5,96.3
20,2024-11-21,,New York Rangers,3,2,W,,,49,2,1,5,0,,29,10,0,1,0,,73,47,60.8,58,34,63.0,21,26,44.7,62.2,97.4
21,2024-11-23,,Minnesota Wild,4,3,W,SO,,31,8,2,2,0,,23,6,1,3,0,,62,57,52.1,44,41,51.8,14,26,35.0,69.7,94.6
22,2024-11-25,@,Ottawa Senators,3,4,L,,,27,20,1,2,0,,30,6,2,9,0,,46,36,56.1,27,25,51.9,24,26,48.0,70.1,99.0
23,2024-11-27,@,Detroit Red Wings,1,2,L,OT,,25,8,1,4,0,,27,8,2,4,0,,45,47,48.9,28,35,44.4,22,32,40.7,49.3,100.0
24,2024-11-29,@,Columbus Blue Jackets,2,5,L,,,29,19,1,2,0,,34,21,1,1,0,,59,47,55.7,37,37,50.0,28,31,47.5,54.8,89.4
25,2024-11-30,@,Pittsburgh Penguins,2,6,L,,,32,20,0,3,0,,43,6,3,5,0,,61,57,51.7,38,45,45.8,22,27,44.9,48.5,98.7
26,2024-12-03,,Columbus Blue Jackets,,,,,,,,,,,,,,,,,,,,,,,,,,,,
