,,,,,,,,,Team,Team,Team,Team,Team,,Opponent,Opponent,Opponent,Opponent,Opponent,,Advanced (at Even Strength),Advanced (at Even Strength),Advanced (at Even Strength),Advanced (at Even Strength),Advanced (at Even Strength),Advanced (at Even Strength),Advanced (at Even Strength),Advanced (at Even Strength),Advanced (at Even Strength),Advanced (at Even Strength),Advanced (at Even Strength)
GP,Date,,Opponent,GF,GA,,,,S,PIM,PPG,PPO,SHG,,S,PIM,PPG,PPO,SHG,,CF,CA,CF%,FF,FA,FF%,FOW,FOL,FO%,oZS%,PDO
1,2024-10-09,@,Pittsburgh Penguins,6,0,W,,,40,8,0,2,1,,31,6,0,3,0,,57,63,47.5,49,45,52.1,25,23,52.1,37.2,114.7
2,2024-10-12,,Utah Hockey Club,5,6,L,OT,,34,28,1,3,0,,26,26,1,4,0,,60,51,54.1,47,38,55.3,28,22,56.0,61.8,90.0
3,2024-10-14,,Detroit Red Wings,4,1,W,,,28,8,1,5,0,,32,10,0,4,0,,41,43,48.8,29,34,46.0,29,19,60.4,40.5,110.7
4,2024-10-17,@,Detroit Red Wings,5,2,W,,,34,14,3,4,0,,31,12,1,5,0,,56,45,55.4,39,35,52.7,32,24,57.1,45.9,103.1
5,2024-10-19,@,Toronto Maple Leafs,4,1,W,,,29,6,0,2,0,,35,4,0,3,0,,47,63,42.7,37,44,45.7,19,21,47.5,48.0,111.9
6,2024-10-22,@,Montreal Canadiens,7,2,W,,,45,15,1,3,0,,23,25,1,3,0,,67,45,59.8,53,32,62.4,18,21,46.2,52.6,112.1
7,2024-10-24,,Florida Panthers,1,3,L,,,25,4,0,4,0,,29,8,0,2,0,,42,50,45.7,31,38,44.9,21,17,55.3,57.1,92.8
8,2024-10-26,,Anaheim Ducks,2,1,W,,,32,4,0,1,0,,33,4,0,1,0,,66,53,55.5,46,40,53.5,25,25,50.0,38.6,103.7
9,2024-10-29,@,Washington Capitals,3,5,L,,,19,13,1,3,0,,46,11,0,4,0,,41,66,38.3,32,57,36.0,14,30,31.8,56.9,99.7
10,2024-11-01,,Ottawa Senators,2,1,W,,,18,10,1,2,0,,41,4,0,5,0,,26,67,28.0,19,51,27.1,24,19,55.8,38.9,104.8
11,2024-11-03,,New York Islanders,5,2,W,,,40,10,1,3,1,,37,6,0,5,0,,46,56,45.1,36,40,47.4,20,22,47.6,47.2,103.2
12,2024-11-07,,Buffalo Sabres,1,6,L,,,26,8,0,4,0,,22,8,1,4,0,,48,25,65.8,27,17,61.4,16,18,47.1,55.6,70.2
13,2024-11-09,@,Detroit Red Wings,4,0,W,,,24,4,1,2,0,,37,4,0,2,0,,48,74,39.3,35,54,39.3,23,27,46.0,34.2,113.0
14,2024-11-12,,Winnipeg Jets,3,6,L,,,36,4,1,4,0,,33,8,1,2,0,,56,49,53.3,44,38,53.7,28,15,65.1,40.0,90.0
15,2024-11-14,,San Jose Sharks,3,2,W,,,35,6,0,1,0,,27,4,1,3,0,,64,45,58.7,49,32,60.5,20,19,51.3,47.8,105.4
16,2024-11-17,@,Seattle Kraken,2,0,W,,,23,2,0,0,0,,24,0,0,1,0,,56,61,47.9,38,40,48.7,26,20,56.5,45.2,109.1
17,2024-11-19,@,Vancouver Canucks,4,3,W,,,33,8,0,2,0,,24,6,0,3,0,,48,37,56.5,36,24,60.0,36,21,63.2,48.1,99.3
18,2024-11-21,@,Calgary Flames,2,3,L,,,29,10,0,1,0,,49,2,1,5,0,,49,72,40.5,34,58,37.0,26,21,55.3,37.8,102.6
19,2024-11-23,@,Edmonton Oilers,2,6,L,,,34,6,0,3,0,,40,6,0,3,1,,54,50,51.9,40,41,49.4,18,23,43.9,48.3,92.6
20,2024-11-25,,St. Louis Blues,2,5,L,,,29,8,0,3,0,,44,8,0,3,0,,48,54,47.1,33,44,42.9,19,14,57.6,49.6,93.3
21,2024-11-27,@,Carolina Hurricanes,3,4,L,,,22,8,0,2,0,,31,4,2,4,0,,37,59,38.5,30,41,42.3,21,19,52.5,44.8,108.3
22,2024-11-29,@,Philadelphia Flyers,1,3,L,,,23,2,0,0,0,,35,0,0,1,0,,53,58,47.7,32,46,41.0,24,28,46.2,41.9,95.5
23,2024-11-30,,Montreal Canadiens,4,3,W,,,28,17,3,6,0,,28,23,0,3,0,,45,49,47.9,32,40,44.4,27,23,54.0,50.0,92.8
24,2024-12-02,,New Jersey Devils,,,,,,,,,,,,,,,,,,,,,,,,,,,,
