,,,,,,,,,Team,Team,Team,Team,Team,,Opponent,Opponent,Opponent,Opponent,Opponent,,Advanced (at Even Strength),Advanced (at Even Strength),Advanced (at Even Strength),Advanced (at Even Strength),Advanced (at Even Strength),Advanced (at Even Strength),Advanced (at Even Strength),Advanced (at Even Strength),Advanced (at Even Strength),Advanced (at Even Strength),Advanced (at Even Strength)
GP,Date,,Opponent,GF,GA,,,,S,PIM,PPG,PPO,SHG,,S,PIM,PPG,PPO,SHG,,CF,CA,CF%,FF,FA,FF%,FOW,FOL,FO%,oZS%,PDO
1,2024-10-10,,Florida Panthers,3,1,W,,,31,4,1,3,0,,32,6,0,2,0,,41,71,36.6,32,44,42.1,28,22,56.0,48.6,104.6
2,2024-10-12,@,Montreal Canadiens,1,4,L,,,25,10,0,4,0,,26,10,1,4,0,,47,30,61.0,33,21,61.1,17,24,41.5,61.0,87.9
3,2024-10-14,,Los Angeles Kings,8,7,W,OT,,41,17,4,6,0,,26,19,3,5,0,,66,35,65.3,47,26,64.4,22,28,44.0,73.9,90.7
4,2024-10-17,,New Jersey Devils,1,3,L,,,31,4,1,3,0,,35,6,0,2,1,,53,51,51.0,44,37,54.3,20,16,55.6,40.0,92.3
5,2024-10-19,,Tampa Bay Lightning,5,4,W,,,28,10,2,5,1,,29,14,0,3,0,,42,44,48.8,23,29,44.2,23,28,45.1,59.0,93.3
6,2024-10-22,@,Utah Hockey Club,4,0,W,,,22,8,1,1,0,,31,6,0,2,0,,43,59,42.2,31,46,40.3,21,32,39.6,59.8,115.0
7,2024-10-25,@,Vegas Golden Knights,4,6,L,,,39,4,1,2,0,,28,4,1,2,0,,57,47,54.8,48,33,59.3,27,31,46.6,50.0,87.4
8,2024-10-27,@,Colorado Avalanche,4,5,L,,,30,2,0,1,0,,32,2,0,1,0,,55,70,44.0,45,47,48.9,27,23,54.0,48.3,97.1
9,2024-10-29,,St. Louis Blues,8,1,W,,,35,12,2,3,0,,27,10,1,4,0,,56,41,57.7,42,29,59.2,29,18,61.7,50.3,119.4
10,2024-11-01,@,New York Rangers,1,2,L,,,41,4,0,5,0,,18,10,1,2,0,,68,26,72.3,51,19,72.9,19,24,44.2,61.1,95.2
11,2024-11-02,,Seattle Kraken,3,0,W,,,23,8,0,3,0,,22,6,0,4,0,,39,45,46.4,24,32,42.9,20,15,57.1,24.6,118.8
12,2024-11-05,@,Buffalo Sabres,1,5,L,,,38,23,0,3,0,,34,21,2,4,0,,56,49,53.3,44,38,53.7,26,23,53.1,60.0,92.6
13,2024-11-07,,New York Islanders,2,4,L,,,30,6,1,3,0,,25,8,0,2,0,,65,44,59.6,39,30,56.5,25,21,54.3,54.7,87.8
14,2024-11-09,@,Boston Bruins,3,2,W,OT,,34,4,1,3,0,,16,6,0,2,0,,52,32,61.9,38,19,66.7,19,19,50.0,56.5,90.7
15,2024-11-12,@,Toronto Maple Leafs,3,0,W,,,41,10,0,3,0,,27,8,0,4,0,,63,40,61.2,49,28,63.6,25,31,44.6,54.7,108.1
16,2024-11-14,,Philadelphia Flyers,4,5,L,OT,,37,4,2,6,0,,19,12,0,2,0,,68,34,66.7,41,21,66.1,28,16,63.6,59.5,79.1
17,2024-11-16,@,Carolina Hurricanes,0,4,L,,,24,10,0,4,0,,28,8,2,5,0,,36,45,44.4,30,33,47.6,18,21,46.2,38.0,90.0
18,2024-11-19,,Edmonton Oilers,2,5,L,,,29,13,0,2,0,,31,11,1,3,0,,53,45,54.1,37,35,51.4,23,26,46.9,62.5,92.3
19,2024-11-21,,Vegas Golden Knights,2,3,L,,,40,6,1,3,0,,32,8,0,2,0,,63,48,56.8,43,37,53.8,29,23,55.8,54.8,91.8
20,2024-11-23,,Vancouver Canucks,3,4,L,,,29,33,2,3,0,,21,30,1,6,0,,42,27,60.9,25,23,52.1,26,16,61.9,65.3,88.2
21,2024-11-25,,Calgary Flames,4,3,W,,,30,6,2,9,0,,27,20,1,2,0,,39,45,46.4,25,27,48.1,26,24,52.0,29.9,101.0
22,2024-11-27,@,San Jose Sharks,4,3,W,,,11,4,1,2,0,,39,4,1,2,0,,29,72,28.7,21,51,29.2,23,20,53.5,28.6,124.4
23,2024-11-30,@,Los Angeles Kings,2,5,L,,,22,6,0,1,0,,27,2,1,3,0,,56,51,52.3,36,37,49.3,20,27,42.6,74.1,92.4
24,2024-12-01,@,Anaheim Ducks,3,4,L,SO,,31,10,1,4,0,,34,12,1,3,0,,56,56,50.0,39,38,50.6,24,25,49.0,44.1,103.1
