NYY,0,0,0,0,3,1,1,0,0,5,8,0
HOU,3,1,0,0,0,0,0,0,0,4 13,0
PIT,0,0,2,0,0,0,2,1,0
MIA,0,2,2,0,1,0,0,0,0
SF,0,0,1,0,0,0,2,0,1,4,9,1
SD,0,0,0,0,2,0,4,0,x,6,9,0
STL,0,0,0,1,0,0,0,0,0,1,3,0
LAD,2,0,3,0,0,1,1,0,x,7 10,1
TOR,0,0,0,1,0,5,2,0,0,8,7,0
TB,1,0,0,0,0,1,0,0,0,2,8,0
WSH,0,0,0,0,0,0,2,0,0,2,6,0
CIN,0,3,4,0,0,0,0,1,x,8 10,1
ATL,0,0,0,0,0,0,2,7,0,9 13,0
PHI,0,0,0,0,2,0,0,0,1,3,5,1
BOS,0,0,0,0,0,0,0,0,0,0,4,0
SEA,0,0,0,0,0,1,0,0,x,1,4,0
CLE,3,0,0,0,2,0,1,0,0,6,9,0
OAK,0,0,0,1,1,1,0,1,0,4,8,2
COL,0,1,0,0,0,0,0,2,0,3,7,1
ARI,2,0,1,0,0,4,0,0,x,7 14,0
MIL,0,0,0,1,1,0,1,0,0,3,8,0
NYM,0,1,0,0,0,0,0,0,0,1,1,0
NYY,0,0,0,0,0,0,2,4,1,7 12,0
HOU,1,0,0,0,0,0,0,0,0,1,7,2
PIT,0,2,2,0,0,1,1,1,0,7 10,2
MIA,0,0,1,0,0,0,0,0,1,2,9,0
SF,3,0,0,1,0,0,2,0,2,8 13,0
SD,0,0,0,1,0,1,0,1,0,3,9,1
STL,0,0,0,0,0,0,0,3,0,3,6,0
LAD,1,1,0,3,0,0,1,0,x,6,7,0
TOR,0,0,1,0,0,0,0,0,1,2,6,3
TB,0,0,4,0,1,1,0,2,x,8 10,1
ATL,2,3,2,0,0,4,0,0,1,12 19,0
PHI,3,0,1,0,0,0,0,0,0,4,8,0
BOS,0,0,0,0,1,0,0,0,0,2,3,7,2
SEA,1,0,0,0,0,0,0,0,0,3,4,7,0
CHC,0,2,0,0,0,0,0,0,0,2,5,0
TEX,0,2,2,1,0,0,0,6,x,11 16,0
CLE,0,2,0,3,2,2,1,0,2,12 15,0
OAK,0,2,1,0,0,0,0,0,0,3,6,2
COL,0,2,0,0,5,0,0,2,0,9 10,0
ARI,2,0,0,1,1,0,0,0,0,4,8,1
LAA,0,0,0,1,0,0,0,0,3,4 10,1
BAL,2,0,1,0,0,9,0,1,x,13 14,1
MIL,3,0,2,0,1,0,0,1,0,7 16,0
NYM,0,1,1,0,0,0,0,3,1,6 12,1
MIN,0,0,0,0,0,0,0,1,4,5,7,0
KC,0,0,0,0,0,1,0,0,0,1,5,2
NYY,0,0,1,0,0,0,3,1,0,5,8,3
HOU,0,2,0,0,1,0,0,0,0,3,4,1
PIT,0,0,1,2,2,0,4,0,0,9 16,1
MIA,0,0,0,2,0,1,0,0,0,3,5,1
SF,0,2,0,0,1,0,0,6,0,9,9,0
SD,0,0,0,0,0,1,0,0,5,6,7,1
STL,0,0,0,0,0,0,5,0,0,1,6,6,0
LAD,0,0,0,0,2,0,1,0,2,0,5 14,2
TOR,0,0,0,0,0,0,1,0,0,1,6,1
TB,0,0,1,0,2,0,1,1,x,5 11,0
WSH,0,0,0,1,1,0,1,1,3,7 11,0
CIN,0,0,0,1,3,0,0,2,0,6 10,0
ATL,2,0,0,1,0,0,0,1,0,4,7,0
PHI,1,0,0,0,1,0,3,0,x,5,9,0
BOS,0,1,0,3,0,1,0,0,0,5 10,0
SEA,0,1,0,0,0,0,0,0,0,1,4,0
CHC,3,0,0,2,0,0,0,0,4,9 12,2
TEX,0,2,0,3,0,0,0,0,0,5,8,1
CLE,0,0,0,0,0,0,0,3,0,3,7,0
OAK,2,0,1,0,0,0,0,0,1,4,9,3
COL,0,0,0,0,1,0,0,0,0,1,8,3
ARI,3,0,0,0,2,0,0,0,x,5,5,0
LAA,2,2,0,0,0,0,0,0,0,4,6,1
BAL,0,1,0,0,0,0,0,0,0,1,3,1
MIL,1,1,0,0,1,1,0,0,0,4,9,0
NYM,0,1,0,0,0,0,0,0,0,1,7,1
MIN,0,0,0,0,0,0,0,0,0,0,4,1
KC,3,6,1,0,0,1,0,0,x,11 14,0
NYY,0,1,0,1,1,0,0,0,1,4 10,1
HOU,0,0,1,0,0,2,0,0,0,3 12,0
PIT,0,3,0,1,0,0,3,0,0,2,9 11,0
MIA,5,0,0,1,0,0,0,0,1,0,7,7,1
SF,0,0,0,2,0,0,2,0,0,4,5,1
SD,5,4,3,0,0,0,0,1,x,13 16,0
STL,0,0,1,0,1,2,0,0,0,4,8,0
LAD,0,0,0,0,0,2,0,3,x,5,8,1
TOR,2,2,0,0,3,0,2,0,0,9 10,1
TB,1,0,0,0,0,0,0,0,1,2,3,1
WSH,0,0,1,0,2,0,1,1,0,5,9,0
CIN,0,0,2,1,0,0,0,0,3,6 14,0
ATL,0,0,1,2,1,2,0,3,x,9 11,0
CWS,0,0,0,0,0,0,0,0,x,0,3,0
BOS,1,2,5,0,0,1,0,0,0,9,9,0
OAK,0,0,0,0,0,0,0,0,0,0,4,5
CIN,0,0,0,0,0,2,0,0,0,4,6,8,0
PHI,2,0,0,0,0,0,0,0,0,1,3,7,0
CLE,0,0,2,0,0,1,0,1,0,4,6,1
SEA,0,4,0,1,0,0,0,0,x,5,7,0
COL,0,0,0,0,0,0,0,0,0,0,3,2
CHC,0,0,0,0,0,3,2,0,x,5,9,1
DET,0,0,0,0,0,0,0,0,0,5,5,4,0
NYM,0,0,0,0,0,0,0,0,0,0,0,5,1
KC,0,0,3,0,0,0,0,0,1,4,7,0
BAL,0,0,0,3,0,0,0,1,2,6,9,2
LAA,0,1,0,1,0,2,0,1,2,7,7,1
MIA,4,0,0,0,0,0,0,0,0,4,9,0
NYY,0,2,3,0,0,0,0,0,0,5,8,1
ARI,0,0,1,0,0,0,1,0,0,2,4,2
PIT,0,2,0,0,0,1,0,3,2,8 15,0
WSH,0,0,1,0,0,0,2,0,1,4,8,0
SF,0,0,0,0,0,1,1,0,1,3,8,0
LAD,1,0,2,0,0,3,2,0,x,8,9,1
STL,3,1,0,0,0,2,0,0,0,6 14,0
SD,0,0,1,0,0,1,0,0,0,2,5,0
TEX,3,0,0,0,0,3,0,1,2,9,8,0
TB,0,0,0,0,0,0,3,0,0,3,5,1
TOR,0,0,0,0,0,0,0,0,0,0,0,0
HOU,3,1,0,1,0,2,3,0,x,10 12,0
ATL,0,0,0,0,0,0,1,0,1,2,5,0
CWS,0,0,0,0,0,1,1,1,x,3,7,0
BOS,1,1,1,0,0,0,1,0,0
OAK,0,2,2,0,0,0,0,0,0
CIN,0,0,1,0,0,0,0,1,2,4,8,3
PHI,1,0,0,1,0,1,5,1,x,9,9,2
CLE,0,0,0,3,1,0,1,0,0,5 12,1
SEA,0,0,0,0,0,0,2,0,0,2,9,2
COL,0,0,0,0,0,0,2,0,0,2,7,0
CHC,2,1,3,1,0,3,2,0,x,12 14,0
KC,0,3,0,1,0,0,0,0,0,4,8,0
BAL,0,0,1,0,0,0,0,0,0,1,3,0
LAA,0,0,0,1,0,2,0,0,0,3,7,0
MIA,0,0,0,0,0,0,0,0,1,1,5,1
MIN,0,0,0,1,0,0,1,0,0,2,3,0
MIL,0,1,2,0,0,0,0,0,x,3,7,1
NYY,0,0,0,0,0,0,0,0,0,0,3,1
ARI,3,0,0,0,0,0,3,1,x,7 12,0
SF,0,1,1,0,0,2,0,0,0,4,9,0
LAD,1,0,1,3,0,0,0,0,x,5,9,0
STL,0,0,1,0,0,2,0,2,0,5,6,0
SD,0,1,0,1,0,0,0,0,0,2,9,1
TEX,0,0,0,0,0,0,1,0,1,2,7,1
TB,0,0,1,0,4,0,0,0,x,5,7,0
TOR,0,0,0,0,0,0,0,0,2,2,8,1
HOU,0,0,0,1,0,0,0,0,0,1,8,0
BOS,0,0,0,1,0,0,0,0,0,1 10,2
OAK,0,0,0,0,0,0,0,0,0,0,8,0
CIN,0,0,2,0,0,1,0,0,1,4,6,0
PHI,0,0,0,0,0,1,0,0,0,1,6,2
CLE,3,2,0,3,0,0,0,0,0,8 11,0
SEA,0,0,0,0,0,0,0,0,0,0,5,0
COL,0,0,0,0,0,2,1,5,0,8 11,1
CHC,0,4,0,0,1,3,0,1,x,9 10,2
KC,1,0,1,0,0,0,1,0,0,3 10,0
BAL,0,0,0,0,0,0,0,2,2,4,6,0
LAA,2,0,2,0,2,0,3,1,0,10 12,0
MIA,0,0,2,0,0,0,0,0,0,2,4,1
MIN,0,0,0,0,1,0,5,0,1,7 11,0
MIL,0,1,0,1,1,0,0,0,0,3,7,0
NYY,0,0,0,2,0,0,0,0,0
ARI,0,1,0,0,1,0,0,0,0
PIT,0,2,0,0,0,1,0,0,0,3,4,1
WSH,0,4,0,0,0,1,0,0,x,5 10,1
SF,0,0,1,0,0,2,0,1,0,4,5,0
LAD,0,1,2,1,0,0,1,0,5,9,0
STL,0,0,0,1,0,0,0,1,0,2,6,0
SD,1,1,0,1,0,0,0,0,x,3,7,1
TEX,0,0,0,0,0,1,0,0,3,4 10,0
TB,0,0,0,0,0,0,0,0,1,1,8,0
TOR,0,0,0,0,0,0,0,0,0,0,1,0
HOU,0,0,1,1,2,1,3,0,x,8 15,0
CLE,0,0,0,3,0,1,0,0,0,4,7,1
MIN,0,0,0,0,1,0,1,0,0,2,7,1
CWS,0,0,0,0,0,1,0,0,0,1,8,1
KC,0,1,0,1,0,0,8,0,x,10 10,1
MIA,0,0,0,1,3,1,0,0,0,5,9,2
STL,0,1,0,0,2,0,5,0,x,8 10,0
PIT,4,1,0,0,2,0,0,0,0,7 11,1
WSH,0,1,0,0,1,0,0,2,0,4,8,0
ARI,3,0,0,2,0,0,0,0,0,0,5,9,2
ATL,1,0,1,0,0,0,0,1,2,1,6 12,0
BAL,0,1,1,0,0,0,2,1,0,5 12,0
PIT,0,0,0,0,1,0,1,0,0,2,6,0
BOS,0,4,0,0,0,1,1,1,1,8,9,3
LAA,0,0,0,0,1,4,1,0,0,6,6,0
CWS,0,1,0,0,0,0,0,0,0,1,4,0
KC,1,0,0,0,0,0,0,1,x,2,7,0
HOU,0,0,0,0,0,0,0,2,0,2,3,0
TEX,0,5,0,1,1,3,0,0,x,10 16,1
LAD,2,0,0,0,3,0,2,0,0,7 12,0
CHC,0,5,1,0,0,3,0,0,x,9,9,0
NYM,0,0,0,0,1,0,1,1,0,3,4,2
CIN,1,0,0,0,0,0,0,0,1,2,7,1
OAK,0,0,0,0,0,2,2,0,0,4,5,1
DET,0,0,0,3,0,1,0,1,x,5,8,0
PHI,0,3,0,0,0,0,1,0,0,4,9,0
WSH,0,0,0,0,0,0,0,0,0,0,2,1
SD,1,0,1,0,0,0,0,0,0,2,6,0
SF,1,0,0,0,0,1,0,0,1,3,5,1
SEA,0,0,0,0,0,3,0,0,2,5,8,0
MIL,0,2,0,1,0,1,0,1,1,6,8,0
TB,1,1,0,0,0,0,0,0,5,7 13,0
COL,1,0,0,0,0,3,0,2,4,10 12,1
TOR,0,0,0,0,0,0,1,0,2,3,7,0
NYY,0,0,0,0,0,0,0,0,0,0,6,1
ARI,6,0,0,0,2,0,0,0,0,8 12,2
ATL,0,0,0,2,3,0,2,2,x,9 15,1
BAL,0,0,0,0,0,0,2,0,1
PIT,0,3,0,0,0,0,0,0,0
BOS,0,0,1,0,0,0,0,0,0,1,3,1
LAA,0,0,0,0,0,2,0,0,x,2,6,0
CLE,0,3,0,0,0,0,0,0,0,3,7,1
MIN,1,0,0,0,0,0,0,0,0,1,2,0
CWS,0,0,0,0,0,0,0,0,0,0,3,0
KC,0,0,0,0,0,0,3,0,x,3 10,0
HOU,0,0,2,0,0,0,0,0,0,2,8,0
TEX,0,1,0,1,0,1,0,4,x,7 15,1
LAD,0,0,0,0,3,0,0,1,0,4,9,1
CHC,0,0,0,0,0,0,0,0,1,1,7,1
MIA,0,0,0,0,0,0,0,1,0,1,8,2
STL,0,0,0,2,1,0,0,0,x,3,8,0
NYM,0,0,0,4,1,0,0,0,1,6 11,2
CIN,0,2,0,0,0,2,0,5,x,9,8,1
OAK,2,0,0,0,0,1,0,1,0,4,5,1
DET,0,0,0,0,0,0,0,0,0,0,5,0
PHI,0,1,3,0,0,0,0,0,1,5,9,1
WSH,0,0,2,0,0,0,0,0,0,2,4,0
SD,4,0,0,0,0,0,0,0,0,4,5,0
SF,0,0,0,0,0,0,0,0,0,0,4,0
SEA,0,0,3,0,0,0,0,1,1,5 10,0
MIL,0,0,0,0,0,0,0,3,0,3,5,0
TB,1,0,0,0,0,0,2,5,0,8,9,0
COL,0,1,1,2,0,2,0,0,0,6 11,0
TOR,0,0,1,1,0,0,3,0,3,8 12,1
NYY,3,3,0,0,2,1,0,0,x,9 10,0
BOS,0,0,2,1,1,1,0,1,0,6 11,0
SEA,0,0,0,2,0,0,2,0,0,4,8,1
CHC,0,1,0,0,0,1,0,0,1,0,3,6,1
TEX,0,0,0,1,0,1,0,0,1,1,4,8,1
CLE,0,1,0,5,0,0,0,0,2,8 11,1
OAK,0,0,0,0,0,0,0,0,0,0,4,1
COL,0,1,0,0,0,0,0,0,0,1,4,0
ARI,2,0 14,0,0,0,0,0,x,16 18,0
DET,0,0,1,0,0,0,0,0,0,1,6,0
CWS,0,0,0,0,0,0,0,0,0,0,3,0
LAA,1,0,0,0,0,0,0,2,0,3,2,1
BAL,2,3,0,2,0,1,3,0,x,11 10,1
MIN,1,0,1,0,0,0,0,0,2,4 10,0
KC,1,0,0,0,0,0,0,0,0,1,5,1
DET,3,0,0,0,1,0,2,0,0,1,7 12,2
CWS,2,1,2,1,0,0,0,0,0,0,6 10,0
DET,0,0,0,1,1,0,0,0,1,3,8,0
CWS,0,0,1,0,0,0,1,0,0,2,5,1
SD,1,0,0,0,0,1,0,0,0,2 11,2
SF,0,0,0,0,0,1,0,2,x,3,6,0
TB,0,2,1,0,0,0,0,0,0,3,8,0
COL,0,0,0,0,0,0,0,1,1,2,7,0
LAD,0,0,0,0,0,0,0,1,0,1,4,3
CHC,3,1,1,2,0,1,0,0,x,8,7,0
MIA,6,1,0,0,0,0,1,2,0,10 13,0
STL,0,0,0,0,1,0,0,0,2,3,5,2
SEA,1,1,0,0,0,0,0,0,2,4,8,0
MIL,3,3,0,4,0,0,0,2,x,12 14,1
CWS,0,0,0,2,1,0,0,0,0,3 12,3
KC,0,0,0,0,2,0,3,0,x,5,5,1
OAK,2,3,0,1,0,0,0,0,1,7 14,0
DET,0,0,0,0,0,0,0,1,0,1,7,0
NYM,1,1,0,1,0,0,0,0,0,3,9,0
CIN,0,0,0,1,0,0,0,0,0,1,3,1
TOR,0,0,1,0,1,1,0,0,0,3,5,0
NYY,0,0,5,0,0,1,0,2,x,8,8,2
ARI,0,0,0,2,0,0,0,0,0,2,5,1
ATL,0,2,0,1,0,0,0,2,x,5,7,0
PHI,0,1,0,0,1,0,0,0,0,2,5,1
WSH,0,1,1,0,1,0,0,0,x,3,8,0
BAL,0,0,0,2,0,0,0,0,0,2,6,2
PIT,0,0,0,0,1,0,0,0,2,3,7,2
CHC,0,1,1,0,0,0,1,1,0,4,6,1
SEA,0,1,0,0,0,0,0,0,0,1,6,1
SD,0,0,0,0,0,1,1,0,0,2,7,2
LAD,0,0,0,1,0,3,1,0,x,5,8,0
STL,0,0,0,0,1,0,0,1,0,2 11,0
ARI,1,0,0,0,0,3,0,0,x,4,6,1
ATL,0,0,0,0,0,1,0,0,0,1,6,0
MIA,1,1,0,0,3,0,0,0,x,5,8,1
SF,1,0,0,1,2,3,3,0,1,11 13,0
TB,0,0,1,0,0,0,0,1,0,2,8,0
LAA,0,0,2,0,0,0,0,0,0,2,8,1
BOS,4,2,0,1,0,0,0,0,x,7 11,0
WSH,0,0,1,0,0,1,0,0,1,3 10,0
OAK,0,0,0,0,0,0,1,0,0,1,8,0
MIL,0,1,3,4,0,0,0,3,0,11 15,0
BAL,3,1,1,0,0,0,0,0,0,5 12,2
PIT,1,0,0,0,2,0,0,0,0,3,5,0
PHI,2,0,0,0,0,0,1,0,1,4,9,1
TEX,2,0,0,0,0,0,0,0,0,2,8,0
HOU,0,0,0,2,0,0,7,0,x,9 14,0
COL,0,0,1,0,0,2,0,0,0,3,7,0
TOR,5,0,0,0,0,0,0,0,x,5,9,0
CIN,0,5,0,0,0,0,0,0,0,5,4,0
CWS,0,0,0,0,0,0,0,0,0,0,2,0
KC,1,3,0,4,1,2,0,0,0,11 13,0
NYM,3,0,1,0,0,1,0,2,0,7,9,1
MIN,0,0,1,0,1,0,0,1,0
DET,2,0,0,0,0,1,0,0,0
NYY,0,1,0,0,0,2,0,0,0,3 10,1
CLE,0,0,0,0,0,2,0,0,0,2,5,0
SD,2,1,0,0,0,1,3,0,0
LAD,1,4,2,0,0,0,0,0,0
STL,3,1,2,0,0,0,1,2,0,9 14,2
ARI,0,0,0,0,6,0,0,0,0,6,9,0
CHC,0,0,0,0,0,0,1,0,1,2,4,0
SEA,0,1,0,3,0,0,0,0,x,4,6,2
WSH,0,0,0,0,0,0,0,0,1,0,1,8,1
OAK,0,0,1,0,0,0,0,0,0,1,2,3,1
TEX,1,0,6,1,0,4,0,0,0,12 12,0
HOU,1,0,0,2,0,0,5,0,0,8 11,2
CIN,1,0,5,0,0,1,0,2,2,11 12,0
CWS,0,0,1,0,0,0,0,0,0,1,4,0
ATL,1,0,0,0,1,0,5,0,1,8 14,0
MIA,0,0,0,0,0,0,1,0,0,1,6,0
KC,0,1,0,0,0,0,0,0,0,1,3,0
NYM,0,0,1,2,2,0,0,1,x,6 14,0
LAA,3,0,1,1,0,2,0,0,0,7 12,0
BOS,0,0,0,0,0,0,0,0,0,0,3,3
COL,0,1,3,2,1,1,2,0,2,12,20,1
TOR,1,1,0,0,0,0,0,0,2,4,11,0
MIL,0,3,1,0,3,3,0,0,1,11 15,0
BAL,0,0,0,1,0,0,0,0,0,1,6,1
SF,0,0,1,0,0,0,0,0,0,1,6,1
TB,0,1,1,0,0,0,0,0,x,2,6,2
PIT,0,1,0,1,0,0,1,2,0,5,9,0
PHI,0,0,0,0,1,0,0,1,0,2,7,2
MIN,0,0,0,0,0,0,0,0,2,2,6,1
DET,1,0,0,1,3,2,0,1,x,8 10,0
BAL,0,0,0,0,1,0,0,2,0,6,9,9,0
BOS,2,0,0,0,0,0,0,1,0,1,4,8,1
PIT,0,0,0,0,0,0,0,0,1,1,7,1
PHI,0,0,0,1,0,0,4,0,x,5,7,0
OAK,0,1,0,0,0,0,0,0,0,1,4,0
TEX,0,0,0,0,0,0,0,0,0,0,1,0
HOU,0,0,0,1,0,2,0,0,0,3 11,1
KC,9,0,0,0,0,1,3,0,x,13 16,1
NYM,1,2,4,0,0,0,3,2,4,16 16,0
ATL,0,0,0,0,3,0,0,1,0,4 10,2
OAK,1,0,0,0,0,0,0,1,0,2,9,0
TEX,3,0,0,3,0,0,0,0,x,6 12,1
HOU,0,0,0,2,0,0,0,0,0,2,9,1
KC,0,0,7,1,0,1,0,2,x,11 11,1
BAL,0,0,0,0,0,3,4,0,0,7,9,0
BOS,0,0,1,2,2,0,0,0,0,5,8,2
MIA,0,0,4,0,0,0,0,0,1,5,6,0
NYY,0,0,0,0,0,1,0,1,0,2,6,1
MIL,2,3,0,1,0,1,0,0,0,7,6,0
CIN,0,0,0,1,1,0,0,0,0,2,4,1
CHC,0,0,0,2,0,0,0,0,0,2,3,0
SD,0,2,0,2,0,3,2,1,x,10 12,1
CWS,2,0,3,0,0,0,0,0,0,1,6 10,1
CLE,0,0,0,3,1,1,0,0,0,2,7,8,2
TB,3,1,0,0,0,0,0,0,0,4,7,0
LAA,0,0,0,1,0,1,0,0,0,2,9,0
WSH,0,1,0,0,0,0,0,0,0,1,4,0
SF,0,3,0,0,2,2,0,0,x,7,12,0
ARI,1,1,0,0,0,0,1,0,2,5 10,2
COL,1,0,0,2,0,0,0,0,0,3,6,0
SEA,0,0,1,0,0,0,0,0,0,5,6,6,0
TOR,0,0,0,0,0,0,1,0,0,0,1,6,0
PHI,2,0,0,0,0,2,0,0,0,4,8,0
STL,0,1,1,0,0,0,0,1,0,3,7,2
LAD,1,0,0,1,0,0,0,0,0,2,9,0
MIN,1,0,1,0,1,0,0,0,x,3,6,0
CHC,0,0,0,0,5,0,0,0,0,5,9,0
SD,0,0,0,0,0,1,0,0,0,1,4,0
WSH,0,0,2,0,1,0,1,0,1,5,8,1
SF,0,1,0,0,0,2,0,0,0,3 10,0
TB,0,2,0,2,0,0,1,1,0,6 12,1
LAA,2,0,0,1,0,0,0,0,1,4,7,0
ARI,2,1,0,0,0,0,0,0,0,3,9,0
COL,1,0,0,0,0,1,0,0,0,2,8,0
OAK,0,1,0,0,0,0,1,0,2,4,5,0
TEX,1,1,0,0,0,0,1,0,0,3,7,0
PHI,0,0,0,0,0,0,0,0,0,0,8,0
STL,0,0,0,1,2,0,0,0,x,3,7,0
LAD,0,0,0,3,3,0,0,0,0,6,9,0
MIN,0,0,0,0,0,0,0,1,2,3,6,0
HOU,1,1,0,1,0,0,0,0,0,0,3 14,1
KC,0,0,0,0,3,0,0,0,0,1,4,7,0
NYM,0,0,0,0,0,0,0,3,2,5 12,1
ATL,1,0,3,1,0,1,0,0,x,6 11,1
SEA,0,0,0,0,0,0,1,2,0,3,6,2
TOR,0,0,3,2,0,0,0,0,x,5 11,0
MIA,0,0,0,0,0,0,2,0,0,2,4,2
NYY,0,1,0,0,1,1,0,0,x,3,7,2
MIL,0,0,3,0,2,1,3,0,0,9 13,1
CIN,0,0,0,1,0,0,2,2,0,5 10,1
CWS,5,0,0,0,0,0,0,2,0,7 12,0
CLE,2,0,1,2,0,0,0,0,0,5,8,0
BAL,0,1,0,2,0,0,1,1,2,7 13,0
BOS,1,0,0,0,0,0,0,0,0,1,2,2
DET,1,0,0,0,0,0,0,0,4,5,9,0
PIT,0,1,1,0,0,1,0,0,0,3,8,1
WSH,0,3,0,0,3,0,0,0,2,8 10,1
SF,1,0,0,0,0,0,0,0,0,1,6,1
CHC,0,4,0,4,0,0,0,0,0,8,8,2
SD,0,0,0,0,0,7,0,2,x,9,8,0
TB,0,0,0,0,0,0,0,0,1,1,8,0
LAA,2,0,1,0,2,0,1,1,x,7 14,0
ARI,0,0,0,4,0,0,0,0,1,5,7,0
COL,1,0,0,2,0,3,0,1,x,7 13,1
HOU,2,2,0,3,3,0,0,0,0,10 11,0
TEX,5,0,0,0,0,0,0,0,0,5,8,0
PHI,0,0,0,0,2,0,0,0,1,2,5 10,0
STL,0,0,0,0,0,0,1,0,2,0,3,6,1
LAD,1,0,0,0,0,1,2,0,0,4 10,0
MIN,0,0,2,0,0,0,0,0,0,2,3,0
NYM,0,0,0,1,3,0,1,3,0,8 11,0
ATL,0,0,4,0,0,1,0,1,1,7 12,0
SEA,0,0,0,0,0,0,0,1,1,2,7,1
TOR,0,1,2,1,0,0,0,1,x,5 11,0
MIL,0,0,0,0,3,3,2,0,0,8 12,3
CIN,0,2,0,6,1,0,1,0,x,10 10,1
DET,1,0,0,1,0,0,0,1,1,4,9,1
PIT,0,3,2,0,1,1,0,0,x,7 12,1
MIA,0,0,0,0,0,0,0,0,0,0,2,0
NYY,0,0,0,6,1,0,0,0,x,7,9,0
CWS,0,0,0,0,0,0,0,0,0,0,4,3
CLE,0,0,1,1,2,0,0,0,x,4 10,0
HOU,0,0,3,0,0,0,0,0,0,3,4,0
TEX,0,0,0,0,0,0,0,0,1,1,2,0
BOS,0,0,3,0,0,4,0,1,4,12 12,0
LAA,0,0,0,0,0,0,0,1,1,2,8,0
MIN,0,0,0,0,0,0,2,0,0,2,5,0
BAL,1,0,0,0,0,0,1,0,2,4,8,0
PIT,0,0,1,0,0,0,0,0,0,1,5,0
NYM,0,0,2,0,0,4,0,3,x,9 10,2
KC,0,1,0,0,0,0,0,2,1,4,7,0
CWS,0,2,0,0,0,0,0,0,0,2,5,0
ATL,0,1,0,0,1,0,0,2,0,1,5,7,1
HOU,1,0,0,0,2,1,0,0,0,0,4,9,2
SD,0,0,0,0,0,0,0,0,0,0,5,0
MIL,0,0,0,0,0,0,0,1,x,1,3,0
TEX,1,0,0,0,0,3,0,0,1,5,7,1
DET,0,1,0,0,0,1,1,1,0,4,7,3
NYY,0,0,0,0,1,0,0,1,4,6 11,0
TOR,0,2,0,0,0,0,2,0,0,4,9,0
CIN,0,1,0,0,0,0,0,0,0,1,1,0
SEA,0,1,0,0,0,1,3,0,x,5,7,0
CHC,0,0,0,0,2,1,0,2,0,5,9,1
ARI,1,0,0,0,1,0,0,0,1,3,7,3
STL,0,0,0,3,0,0,0,0,0,3,6,0
OAK,0,0,2,0,3,1,0,0,x,6 10,0
WSH,2,0,0,0,0,0,0,0,0,2,4,0
LAD,0,0,0,0,0,0,0,0,0,0,5,0
SF,0,1,0,0,0,0,1,1,0,3,9,0
MIA,0,0,0,0,0,1,0,0,0,1,6,0
CLE,0,0,0,0,0,0,0,0,0,0,3,0
BOS,0,0,1,1,0,0,0,0,x,2,5,0
LAA,1,0,0,0,1,1,0,0,2,5 12,1
TB,0,1,0,0,0,1,0,2,0,4 11,0
COL,1,0,0,0,0,0,0,5,0,6 11,0
PHI,4,0,0,0,1,2,0,0,x,7 12,1
TB,0,0,0,0,0,1,0,2,0,3 14,2
NYY,0,0,0,0,0,0,5,0,x,5,5,0
HOU,0,3,0,0,1,0,0,1,0,5 13,0
WSH,0,0,1,0,1,0,0,0,1,3,8,0
CWS,0,0,0,0,0,0,0,0,0,0,2,0
PHI,3,0,3,1,0,0,0,0,x,7,7,0
BOS,2,1,0,0,2,1,2,0,0,8 12,1
PIT,0,0,0,0,0,0,0,0,1,1,4,1
LAA,0,0,0,0,1,0,0,0,0,1,7,1
CIN,0,1,0,0,0,1,0,5,x,7,5,1
MIA,0,0,0,1,0,0,0,0,2,3,6,0
CHC,2,1,4,0,1,0,0,0,x,8 10,1
ARI,0,0,0,0,0,0,0,0,0,0,3,1
SF,0,0,1,0,0,0,0,4,x,5,8,0
CLE,0,0,1,1,2,1,0,0,0,5,8,2
BOS,1,0,0,0,0,3,0,0,0,4,6,2
TEX,1,3,2,1,0,0,0,1,1,9 13,0
DET,0,4,0,3,0,0,0,0,0,7 11,3
LAA,0,0,0,0,0,1,0,0,0,1,6,0
TB,2,0,0,0,0,0,0,0,x,2,5,1
OAK,1,0,0,0,0,0,0,0,1,2,6,1
CLE,0,2,0,0,5,0,0,3,x,10,9,0
TEX,1,0,0,0,0,2,0,0,0,3,6,0
ATL,1,1,0,0,1,4,0,1,x,8,6,0
MIL,0,0,1,0,0,0,0,0,0,1,2,5,0
STL,0,0,0,0,0,0,0,0,1,0,1,5,0
TEX,0,0,0,0,1,0,0,0,0,1,7,1
DET,0,0,0,0,0,0,0,0,0,0,5,0
DET,1,0,2,0,0,1,0,0,1,5 12,1
MIN,2,0,0,0,0,2,0,0,0,4,5,1
MIN,0,1,0,1,0,0,2,0,0,4 11,1
BAL,2,0,2,0,2,1,0,0,x,7 12,0
BAL,0,0,0,0,0,0,4,0,0,4,8,0
KC,0,0,0,1,0,5,3,0,x,9,9,0
CLE,0,0,0,0,0,0,2,2,2,6,9,0
BOS,0,0,0,0,0,0,0,0,0,0,3,1
TOR,1,4,0,0,0,0,0,0,0,5 11,0
SD,0,0,1,0,0,0,0,0,0,1,5,0
PIT,0,0,0,0,0,3,0,0,0,3,3,1
NYM,0,0,0,0,0,3,0,3,x,6,8,0
TB,0,0,0,0,0,0,0,0,0,2,2,9,0
NYY,0,0,0,0,0,0,0,0,0,0,0,4,0
NYY,0,1,0,0,0,0,0,0,0,1,4,0
TOR,0,2,1,0,0,0,0,0,x,3,4,0
ARI,0,0,1,1,3,0,4,6,2,17 22,0
SF,0,0,0,1,0,0,0,0,0,1,4,1
LAA,0,0,0,0,0,0,0,5,2,7 13,0
TB,0,0,0,0,1,0,0,2,0,3,6,0
NYM,0,2,2,0,0,0,2,2,1,9 14,3
LAD,0,0,0,1,1,2,0,0,0,4,6,2
SF,0,0,0,1,0,0,3,0,0,4,8,2
MIA,0,3,0,0,0,0,0,0,0,3 10,0
COL,0,0,0,0,1,0,0,0,0,0,1,5,0
PHI,0,0,1,0,0,0,0,0,0,1,2,6,0
CIN,0,0,0,0,1,0,0,0,0,1,4,0
SEA,0,0,0,1,1,1,0,0,x,3,8,1
TB,0,0,1,0,0,0,0,3,0,4,5,0
NYY,1,0,0,0,4,0,0,0,x,5,9,3
CHC,0,0,1,0,4,0,6,0,0,0,11 14,2
ARI,0,1,3,0,4,0,1,1,1,1,12 12,0
CWS,2,0,0,0,0,0,0,0,0,2,4,1
PHI,3,0,0,3,0,1,1,0,x,8 11,1
ATL,0,1,0,0,0,0,1,0,4,6 11,0
HOU,0,0,0,0,0,0,0,0,2,2,7,0
BOS,0,0,2,0,2,1,0,1,0,6,8,0
PIT,1,0,0,0,0,0,0,0,0,1,7,2
SD,4,0,0,0,0,0,2,0,0,6 10,1
MIL,1,0,0,0,0,0,1,0,1,3,6,3
HOU,0,0,0,0,0,0,0,0,0,0,4,0
WSH,3,0,0,0,2,1,0,0,x,6 11,0
PIT,0,0,0,0,1,0,0,0,0,1,5,0
NYM,0,0,0,0,0,0,3,0,x,3,4,1
TOR,3,1,0,0,0,0,0,0,1,5,8,0
SD,0,0,0,0,0,0,1,1,0,2,9,1
CLE,0,2,0,0,3,0,0,0,1
BOS,0,0,0,1,0,5,0,0,0
SEA,0,1,1,1,4,0,0,0,0,7 16,0
COL,0,0,0,0,0,0,0,0,0,0,3,2
NYY,0,1,0,0,0,0,2,0,1,4,6,1
TOR,0,0,1,2,0,2,0,0,x,5,8,0
TEX,0,2,0,0,0,0,0,0,0,2,5,0
ATL,0,3,0,0,0,0,0,2,x,5,8,0
LAA,0,0,0,3,0,0,0,0,0
TB,0,0,0,1,0,0,0,0,2
BAL,0,7,0,0,0,0,1,1,0,9 15,1
KC,0,0,0,0,0,3,4,0,0,7,8,0
SF,0,1,1,0,0,0,1,0,0,3,9,1
MIA,0,0,0,2,0,3,1,0,x,6,8,1
LAA,2,0,0,0,0,3,0,0,0,5,7,2
CIN,5,0,0,0,2,0,0,0,x,7,8,0
COL,0,0,0,0,0,0,0,0,0,0,7,0
PHI,2,0,0,0,0,1,0,2,x,5,7,0
OAK,0,0,0,0,2,1,0,0,0,3,6,0
CLE,2,0,0,0,2,0,2,0,x,6 14,1
CWS,0,0,0,0,0,0,0,0,5,5,7,1
PHI,0,3,0,0,2,2,2,0,x,9 12,0
MIN,0,0,0,1,0,1,0,0,1,3,7,0
BAL,0,3,4,1,0,1,0,2,x,11 15,0
TEX,0,0,0,0,2,0,0,0,0,2,6,1
DET,0,0,1,0,0,1,0,2,x,4,5,0
ARI,1,0,0,2,0,0,0,0,0,3,7,0
SF,2,0,1,0,2,0,0,2,x,7 16,1
WSH,1,0,2,0,3,0,0,0,0,6,8,1
LAD,1,1,0,0,0,1,0,1,0,4,9,0
BOS,2,0,0,0,0,2,0,0,0,4,7,0
PIT,0,0,0,1,0,0,0,1,0,2,9,0
CIN,0,1,0,1,0,0,1,0,0,3,7,0
SEA,3,0,2,0,0,1,3,0,x,9 10,0
NYM,1,0,0,1,0,3,0,1,0,6,8,0
LAD,1,0,0,0,1,2,0,0,0,4,6,1
HOU,1,0,0,0,0,0,2,1,0,0,4,9,2
WSH,1,0,0,1,0,0,0,0,2,1,5,9,1
STL,1,0,0,0,0,2,0,0,0,3,8,0
OAK,0,0,0,0,0,0,0,1,0,1,5,0
CHC,0,1,0,0,0,0,0,0,1
ARI,0,1,0,0,0,0,0,1,0
MIA,0,0,0,0,1,0,0,0,2,3,8,1
CHC,0,0,2,0,0,0,0,0,0,2,7,0
ATL,0,2,0,0,0,0,0,0,4,6 11,0
HOU,1,0,0,0,0,0,0,0,0,1,7,1
SD,0,0,0,1,6,0,0,0,0,7 12,0
MIL,1,2,0,0,0,0,0,0,0,3 10,2
MIL,2,0,0,3,0,4,1,0,2,12 18,0
STL,1,3,0,0,0,0,0,0,1,5,6,1
DET,0,0,0,0,0,1,1,1,0,3,5,2
MIN,0,1,1,0,2,0,0,0,x,4,7,0
KC,0,0,0,1,1,0,0,0,0,2,5,0
CWS,0,0,0,0,0,0,0,0,0,0,4,0
LAA,0,0,0,0,0,0,0,0,0,0,6,1
CIN,0,0,0,0,0,3,0,0,x,3,5,0
DET,2,0,2,0,0,0,1,0,1,6,7,0
MIN,0,0,0,0,0,0,0,0,1,1,7,0
BAL,0,0,2,0,0,2,0,0,1,5 11,0
KC,0,0,0,0,0,0,0,0,0,0,5,0
WSH,0,0,2,0,0,0,0,0,0,2,6,0
LAD,1,2,0,0,1,0,1,1,x,6 13,0
OAK,0,0,0,1,0,1,0,0,0,2,7,0
CLE,0,1,1,1,0,0,3,0,x,6,7,1
STL,0,0,1,0,0,2,0,0,0,3,4,1
OAK,0,1,0,0,1,0,0,0,0,2,5,1
MIL,0,0,0,0,0,0,2,0,0,2,6,0
STL,0,0,0,0,0,0,0,0,0,0,6,0
ARI,0,1,0,0,0,2,0,0,2,5,6,0
SF,0,0,0,0,2,0,0,0,1,3,5,2
SEA,0,0,0,0,0,0,0,0,0,1,1,6,0
COL,0,0,0,0,0,0,0,0,0,2,2 10,1
MIA,0,1,0,3,1,0,1,0,0,6 11,1
CHC,0,1,0,2,0,0,0,0,0,3,8,0
NYM,0,0,0,0,0,0,0,0,0,0,7,0
LAD,0,0,2,0,8,0,0,0,x,10,9,0
TEX,0,0,0,4,0,0,0,2,0,6 11,1
ATL,3,0,0,0,0,0,0,1,0,4,5,0
TOR,0,1,1,0,0,0,1,0,0,3,6,2
SD,1,0,1,0,0,2,0,2,x,6,6,0
LAA,0,1,1,0,0,0,0,1,1,4,9,0
BOS,2,0,0,0,1,2,0,0,x,5,7,0
SF,1,0,0,0,0,1,1,0,1,4 10,0
TB,3,0,1,3,0,1,1,0,x,9 10,0
KC,0,0,0,0,0,0,0,0,1,1,3,1
NYM,0,0,0,0,0,0,0,2,x,2,8,0
COL,0,0,0,0,0,0,0,0,0,0,2,1
TOR,1,0,2,0,1,0,0,1,x,5 12,1
MIL,1,0,1,1,0,0,1,0,0,4 12,0
BAL,1,1,1,0,0,0,2,1,x,6 11,1
PIT,0,0,0,1,0,5,0,1,2,9 10,1
PHI,0,0,1,0,1,0,0,0,0,2,8,2
ATL,0,1,2,2,0,0,1,0,3,9 12,0
MIA,0,1,0,2,1,3,0,0,0,7,9,1
MIN,0,2,0,1,0,0,0,0,0,3,6,0
DET,0,0,0,0,0,0,0,4,x,4,8,0
ARI,0,2,0,0,1,0,0,0,0,3,9,0
STL,0,0,0,0,0,2,1,0,2,5,7,0
BAL,0,1,1,0,1,0,1,0,0,4,6,0
LAA,0,0,0,0,0,0,2,0,0,2,8,0
CWS,0,0,0,0,0,0,0,0,0,0,8,0
MIN,2,0,3,1,0,0,1,0,x,7 11,0
DET,1,2,0,0,2,1,1,0,0,7 11,0
TB,0,0,0,0,0,0,0,1,0,1,6,2
MIA,0,0,0,0,0,0,0,0,0,0,8,0
ATL,0,0,0,3,0,0,0,0,x,3,8,0
MIL,0,0,0,0,1,0,0,1,0,2,5,1
PIT,1,0,0,0,0,3,0,0,x,4,9,0
NYM,0,0,0,0,1,0,0,0,1,2,4,0
SF,0,2,2,0,0,1,0,0,x,5,8,1
OAK,0,0,0,0,0,0,0,0,2,2,4,0
NYY,0,0,0,0,0,0,0,0,0,0,3,0
PHI,0,1,1,1,1,0,0,0,3,7,9,0
CIN,0,0,0,0,0,0,0,0,0,0,2,1
SD,0,0,1,0,0,0,0,2,0,3,9,0
COL,0,0,0,1,0,0,0,0,0,1,4,0
TOR,0,0,3,0,0,2,0,0,0,5,6,0
KC,0,0,0,0,0,2,0,0,1,3,8,0
ARI,0,0,4,0,6,4,0,0,0,14 15,0
STL,1,0,0,0,0,0,0,0,0,1,6,0
BAL,0,0,0,0,3,0,1,0,0,4,8,0
LAA,1,2,2,2,0,0,0,0,x,7 11,0
BOS,0,0,0,0,0,0,1,0,0,1,6,0
CLE,0,0,0,0,0,0,2,2,x,4,7,0
CWS,0,0,0,3,0,0,0,2,0,5,8,0
MIN,1,0,0,0,0,0,1,2,2,6 10,1
DET,0,0,1,0,0,0,0,3,0,4,6,3
TB,0,0,0,0,0,2,0,0,0,2,7,0
HOU,0,0,0,1,1,0,0,0,0,2,6,1
CHC,5,0,0,0,0,1,0,1,x,7,6,0
LAD,0,0,0,0,0,1,0,2,1,4,9,0
WSH,0,1,0,0,0,0,0,0,0,1,7,1
MIA,0,0,0,0,0,0,0,0,0,0,3,1
ATL,0,2,0,0,0,3,0,0,x,5 10,1
MIL,0,0,0,0,0,0,0,1,0,1,3,0
PIT,1,0,0,0,0,1,0,0,x,2,7,0
NYM,0,0,0,0,0,0,0,0,1,1,9,0
SF,0,0,0,0,3,0,2,0,x,5,8,0
OAK,1,1,0,1,0,0,0,0,0,3,7,0
NYY,4,0,0,0,0,0,0,0,x,4,5,0
PHI,1,0,0,0,0,0,0,0,0,1,5,3
CIN,1,0,4,0,2,0,0,1,x,8,9,1
SD,2,0,2,0,0,0,0,0,0,4 12,2
COL,0,1,0,5,1,0,0,0,x,7 13,0
SEA,2,0,2,0,0,0,0,0,0,4,6,0
TEX,0,0,0,0,0,0,0,0,0,0,3,1
TOR,0,0,1,0,1,0,0,0,0,2,9,1
KC,0,0,0,0,3,0,0,0,x,3,8,0
ARI,1,0,0,0,0,0,0,0,0,1,7,1
STL,0,0,0,0,0,2,1,2,x,5,8,0
BAL,0,0,1,0,1,4,0,0,0,6,9,1
LAA,0,0,0,0,0,3,0,1,1,5,6,0
BOS,1,1,0,0,1,3,0,0,2,8 16,0
CLE,0,0,0,0,0,0,0,0,0,0,4,0
CWS,0,0,2,0,1,0,0,0,0,3,4,0
MIN,0,4,0,0,2,0,0,0,x,6 13,0
DET,1,0,0,0,2,2,0,0,0,5,7,0
TB,1,3,0,0,0,3,0,0,x,7 11,0
HOU,0,0,2,0,0,0,0,0,1,3 10,0
CHC,4,0,0,0,0,0,0,0,x,4,8,1
LAD,1,2,1,0,2,0,0,2,3,11 20,0
WSH,0,2,0,0,0,0,0,0,0,2,3,0
MIA,0,1,0,0,0,0,0,0,2,0,3,7,0
ATL,2,0,1,0,0,0,0,0,0,1,4 10,1
MIL,0,0,3,0,0,0,0,0,0,3,7,2
PIT,0,0,2,0,0,0,0,0,0,2,4,2
NYM,0,0,2,1,3,0,0,0,2,8 10,1
SF,0,0,0,0,0,0,1,0,1,2,8,1
OAK,0,0,0,0,0,3,0,0,0,3,4,2
NYY,2,0,0,2,1,1,1,0,x,7 11,0
PHI,1,0,1,0,0,1,1,0,0,4 11,1
CIN,0,0,1,0,0,4,1,1,x,7 10,1
SD,4,0,0,0,0,1,0,0,0,5,8,0
COL,0,0,0,0,0,1,0,1,0,2,5,2
SEA,1,0,0,0,0,0,0,0,0,1,8,2
TEX,0,0,0,2,0,2,1,0,x,5,8,0
TOR,0,0,0,0,1,1,0,0,0,2,6,2
KC,1,1,0,0,1,0,0,0,x,3,9,0
BOS,0,0,2,0,0,2,0,0,0,4 10,2
CLE,0,5,0,0,0,0,1,0,x,6,8,0
CWS,0,1,0,1,0,0,0,0,1,3,9,0
MIN,0,0,0,0,0,3,1,2,x,6 10,1
HOU,1,0,0,0,0,0,0,0,0,1,4,0
CHC,0,0,0,0,0,3,0,0,x,3,7,0
LAD,0,1,0,0,0,0,0,1,0,2,9,1
WSH,0,0,0,0,0,0,0,1,0,1,7,0
MIL,1,0,2,0,1,0,0,2,1,7 12,0
PIT,3,0,0,0,2,0,0,0,0,5,8,0
OAK,0,0,3,0,0,0,0,0,0,3,6,1
NYY,0,1,0,0,0,0,0,0,0,1 11,0
PHI,0,0,4,0,0,1,0,0,0,5 11,0
CIN,0,0,0,0,0,0,0,0,0,0,3,0
SD,0,1,3,2,0,0,2,1,0,9 11,0
COL,1,0,3,0,0,0,0,6,x,10 14,0
SEA,2,0,0,0,2,0,0,0,0,4,5,2
TEX,1,0,0,1,0,0,1,0,0,3,7,0
TOR,0,0,0,1,0,x,x,x,x,1,3,0
KC,2,0,0,0,0,x,x,x,x,2,3,0
ARI,0,0,0,0,0,1,0,0,0,1,3,0
SEA,1,1,0,0,0,4,0,0,x,6,5,0
CHC,0,2,0,1,1,0,3,0,0,7 14,1
BOS,0,0,0,1,0,0,0,0,0,1,7,1
CIN,1,0,0,0,0,0,0,0,0,1,3,0
TEX,0,1,0,0,0,0,0,1,x,2,8,1
CLE,1,0,0,0,0,0,0,0,1,2,5,1
ATL,0,0,0,3,1,1,0,1,x,6,8,1
KC,0,0,1,0,0,0,0,0,7,8,7,1
DET,0,0,0,0,0,0,0,0,0,0,5,0
LAD,1,0,6,1,1,2,0,0,1,12 19,0
TOR,0,0,0,1,0,0,0,1,0,2,5,1
MIN,0,1,1,0,1,1,0,0,1,5 11,0
LAA,0,0,0,0,0,1,0,1,1,3,5,2
NYY,1,1,0,3,0,0,0,0,0
MIL,0,2,2,0,0,1,0,0,0
OAK,1,0,0,0,0,0,0,0,1,1,3,7,0
BAL,0,0,1,1,0,0,0,0,0,0,2,6,0
PHI,2,0,4,1,0,0,2,0,0,9 13,0
SD,0,0,1,0,0,0,2,0,0,3,7,0
PIT,0,0,0,0,0,0,0,0,0,0,8,0
SF,0,0,0,0,0,0,0,0,3,3,6,1
STL,0,3,1,0,0,0,0,0,0,4,5,0
NYM,0,0,0,0,1,1,0,0,0,2,8,1
TB,0,0,0,0,0,0,2,1,1,4,9,2
CWS,0,0,1,1,0,3,2,2,x,9 12,0
WSH,0,0,0,0,0,1,0,2,0,3,8,0
MIA,0,0,1,0,0,0,0,0,0,1,6,0
ARI,0,0,0,0,0,0,0,1,0,1,3,0
SEA,0,0,0,0,1,0,2,0,x,3,4,0
CHC,0,0,0,0,0,0,0,0,0,0,5,0
BOS,2,0,0,1,6,0,2,6,x,17 21,0
CIN,0,2,0,1,0,0,4,1,0,8 10,0
TEX,0,0,0,0,0,0,0,0,4,4,7,1
CLE,0,0,0,0,0,0,0,2,0
ATL,0,0,0,0,0,0,0,2,0
HOU,0,1,3,0,0,2,0,2,4,12 15,1
COL,2,0,0,0,0,0,0,0,2,4,8,0
KC,2,1,0,0,0,0,0,0,2,5,9,1
DET,0,1,0,0,0,0,5,0,x,6,8,4
LAD,1,2,0,1,0,0,0,0,0,4 11,2
TOR,0,0,0,0,0,0,1,0,1,2,3,1
MIN,1,3,3,3,0,1,3,0,2,16 17,0
LAA,0,2,2,0,0,0,1,0,0,5 11,0
NYY,3,0,3,0,1,4,0,0,4,15 19,0
MIL,1,0,0,0,0,0,0,0,2,3,5,1
OAK,0,0,0,0,0,0,0,0,0,0,5,0
BAL,0,0,0,3,2,0,2,0,x,7,9,0
PHI,2,0,0,0,3,0,0,0,0,5,8,0
SD,0,0,0,0,0,0,0,1,0,1,3,0
PIT,0,0,0,0,0,0,1,0,0,3,4 11,1
SF,0,0,0,0,0,1,0,0,0,2,3,7,2
STL,4,0,1,0,1,0,0,1,0,7 10,1
NYM,0,0,0,0,4,0,0,0,0,4,7,0
TB,0,1,0,2,1,2,0,0,0,1,7 11,1
CWS,0,0,0,3,3,0,0,0,0,2,8 10,1
WSH,0,0,1,0,5,1,3,0,1,11 11,0
MIA,1,0,0,0,0,0,0,0,3,4 13,3
ARI,0,1,0,0,0,0,1,1,0,3,6,1
SEA,1,0,1,0,0,0,0,0,0,2,5,0
CHC,0,0,0,0,0,0,1,3,0,4,7,1
BOS,1,0,1,0,0,2,0,0,1,5,9,0
CIN,0,0,0,0,0,3,0,0,0,3,6,0
TEX,4,0,0,0,0,0,0,0,x,4,6,2
CLE,0,0,1,0,1,0,1,0,0,0,3 10,1
ATL,0,0,0,0,1,0,0,2,0,1,4,9,0
HOU,2,0,1,1,0,0,0,4,0,8,8,0
COL,0,2,0,0,0,0,0,0,0,2,7,0
KC,1,0,0,0,0,0,0,0,0,1,5,0
DET,2,1,0,0,0,1,0,0,x,4 10,0
LAD,0,0,0,0,0,1,0,0,0,1,6,0
TOR,0,3,0,0,0,0,0,0,x,3,8,0
MIN,0,0,0,1,4,0,4,2,0,11 17,0
LAA,0,0,0,0,4,0,1,0,0,5,6,3
NYY,1,0,0,0,3,7,2,2,0,15 18,0
MIL,0,0,0,0,4,1,0,0,0,5 11,0
OAK,0,1,3,0,0,0,1,0,2,7 10,1
BAL,0,2,3,1,0,0,0,0,0,6,9,0
PHI,0,2,0,2,0,2,1,1,0,8 12,1
SD,0,0,3,0,0,0,3,0,0,6,9,0
PIT,0,0,0,0,1,0,0,0,1,2,5,0
SF,0,0,3,0,0,0,0,0,x,3,8,0
STL,0,0,0,0,1,0,0,0,0
NYM,0,0,0,0,0,1,0,0,0
TB,0,0,0,1,0,0,0,0,1,2,7,0
CWS,0,0,0,2,0,0,0,2,x,4 12,0
WSH,0,0,0,5,4,1,0,2,0,12 14,1
MIA,6,1,0,0,0,0,2,0,0,9 12,2
ATL,0,0,0,0,0,0,1,0,0,1,3,0
SEA,0,0,0,0,0,0,0,0,2,2,4,0
CHC,0,0,0,0,0,0,0,1,2,3,3,0
NYM,1,0,0,0,0,0,0,0,0,1,4,0
CIN,1,2,1,0,0,0,0,0,1,5,8,1
SD,1,0,0,0,0,0,0,0,1,2,4,1
KC,2,0,0,1,0,1,0,1,0,5 11,0
TOR,2,0,2,0,1,1,0,0,x,6 12,1
LAD,0,2,0,0,4,1,0,1,0,8 10,0
ARI,1,0,0,0,3,0,0,0,0,4,7,0
MIN,0,2,0,0,0,0,0,0,1,3,4,0
CWS,2,0,0,0,0,0,0,0,0,2,8,1
NYY,0,0,0,0,0,0,0,0,0,0,7,1
BAL,1,0,0,0,0,0,0,1,x,2,4,0
PHI,3,0,0,0,1,0,0,0,1,5,6,1
LAA,1,1,0,0,0,2,2,0,x,6 11,0
PIT,1,0,0,0,0,0,0,0,0,1,2,0
OAK,1,0,0,2,2,0,0,0,x,5,8,0
TB,1,0,0,0,0,0,0,0,0,1,6,0
MIL,0,0,0,0,0,0,0,0,0,0,3,0
WSH,0,0,2,0,1,0,4,0,0,7,7,0
MIA,0,0,0,0,0,2,0,0,0,2,4,1
ATL,0,0,0,0,0,0,0,2,0,2,7,0
SEA,0,0,2,1,0,0,0,0,x,3,7,1
CHC,0,1,0,0,0,0,0,0,1,2,4,2
NYM,1,0,0,0,0,3,0,0,x,4,7,0
CIN,0,0,0,0,0,2,2,0,0,4,8,3
SD,0,0,1,0,4,1,0,0,x,6 10,0
CLE,3,0,0,0,0,5,0,0,0,1,9,7,1
HOU,0,0,3,5,0,0,0,0,0,2,10 12,0
COL,5,0,0,0,0,0,0,0,0,1,6,9,0
MIA,0,0,0,0,0,0,0,0,5,2,7,9,0
KC,0,2,0,0,0,0,0,2,0,4,8,0
TOR,0,0,0,0,0,1,0,0,0,1,4,0
LAD,0,0,0,0,1,1,0,0,0,1,3,5,0
ARI,0,0,0,1,0,0,0,1,0,2,4 10,0
MIN,0,0,0,0,2,1,0,2,1,6,9,1
CWS,0,0,1,1,2,0,0,1,0,5 12,0
NYY,0,0,1,0,0,1,0,0,0,2,5,1
BAL,0,1,0,3,0,0,0,0,x,4,9,0
PHI,0,3,0,0,0,0,0,1,3,7 11,1
LAA,0,0,1,0,0,4,0,0,0,5,9,0
PIT,1,0,0,1,0,0,0,0,0,2,5,0
OAK,0,2,0,0,1,0,2,0,x,5,8,0
SF,0,0,0,0,0,0,0,0,0,0,4,0
BOS,1,1,1,1,0,0,0,0,x,4 11,1
STL,0,0,0,0,5,0,1,0,0,6 11,0
DET,2,1,1,0,3,0,4,0,x,11 14,0
TB,0,0,1,0,0,1,0,0,0,2,5,1
MIL,1,2,0,0,3,0,2,0,x,8 10,0
WSH,1,0,0,0,0,0,0,0,0,1,3,1
TEX,0,0,0,1,1,1,1,3,x,7 11,0
ATL,0,0,1,4,0,0,0,0,0,5,6,0
SEA,0,0,0,0,1,0,1,0,0,2 10,2
CHC,0,0,0,0,1,0,0,0,0,1,5,0
NYM,0,0,0,0,0,0,0,0,0,0,5,0
CIN,1,0,0,0,1,0,0,0,0,2,4,1
SD,0,0,0,2,0,0,4,0,x,6,8,0
CLE,0,0,0,0,2,0,0,0,0,1,3,9,1
HOU,0,0,0,0,0,1,1,0,0,0,2,7,1
COL,0,0,0,0,0,1,0,0,0,1,4,1
MIA,0,0,0,0,2,0,0,2,x,4,7,0
KC,0,0,0,0,0,3,0,3,0,6,7,0
TOR,0,0,0,0,0,0,1,0,0,1,4,0
LAD,0,5,1,0,0,0,2,0,0,8 10,0
ARI,0,0,0,0,0,0,0,0,0,0,7,0
MIN,0,0,1,0,1,2,2,0,4,10 12,0
CWS,2,0,1,0,1,0,1,0,0,5,7,1
NYY,0,0,0,0,2,0,0,0,0,2,4,0
BAL,0,0,0,0,0,0,0,0,0,0,3,0
PHI,0,2,0,0,0,0,0,0,0,2,7,0
LAA,0,1,0,0,0,0,0,0,0,1 10,0
PIT,0,0,0,0,0,0,0,0,0,0,4,1
OAK,0,1,1,0,1,0,0,1,x,4,6,3
SF,0,0,1,1,0,0,0,0,0,2,5,0
BOS,0,0,2,2,1,0,1,0,x,6 10,0
STL,0,0,0,1,0,0,0,0,0,1,7,0
DET,0,1,2,0,0,0,0,1,x,4,8,0
TB,0,0,0,0,0,0,0,1,0,1,5,0
MIL,0,0,2,0,0,1,4,0,x,7 10,2
WSH,0,1,0,0,0,0,0,0,0,1,5,0
TEX,0,0,0,0,0,0,0,0,0,0,6,0
CHC,0,1,0,0,3,1,0,0,0
NYM,0,0,0,0,2,3,0,0,0
CLE,0,0,2,0,0,0,0,0,0,2,7,0
HOU,0,0,1,0,0,2,5,0,x,8 10,0
COL,0,3,0,0,1,0,0,0,0,0,4,5,0
MIA,2,0,1,1,0,0,0,0,0,1,5,9,1
NYY,0,0,1,0,0,1,0,0,0,2,6,1
BAL,0,0,1,2,4,0,0,0,x,7,8,1
SF,0,0,1,0,0,0,2,0,0,3,6,0
BOS,0,0,1,0,0,0,0,0,0,1,4,0
WSH,0,0,0,0,0,0,0,0,0,0,4,0
TEX,0,3,0,0,0,0,0,3,x,6,9,0
ATL,1,0,0,0,0,0,0,1,0
LAD,0,0,1,1,0,0,0,0,0
BAL,0,0,0,0,0,0,3,0,0,3,9,0
CIN,0,0,0,0,0,0,0,0,0,0,2,0
BOS,0,0,0,0,0,0,0,2,0,2,4,1
MIN,0,0,1,0,0,0,4,0,x,5,8,1
COL,0,0,0,0,0,3,0,0,0,3 12,0
PIT,0,0,0,0,0,0,0,0,2,2,4,0
CWS,0,0,0,0,0,0,0,0,0,0,3,1
STL,2,0,0,0,1,0,0,0,x,3,6,0
DET,0,0,0,0,0,1,0,0,0,1,5,0
NYY,0,0,0,0,0,0,0,0,2,2,6,1
LAA,0,0,1,4,1,0,0,0,0,6 11,2
CLE,0,0,0,0,0,0,0,0,0,0,6,0
MIA,0,0,0,0,0,0,0,0,1,1,7,1
OAK,0,0,0,2,1,0,0,0,x,3,5,0
MIL,0,0,0,0,0,0,0,3,0,3,8,0
CHC,0,0,0,0,0,1,0,0,0,1,8,0
NYM,0,3,0,0,4,0,0,0,1,8 10,0
TB,0,3,5,1,0,1,0,0,x,10 13,0
SD,0,0,0,4,3,0,0,0,0,7 12,0
ARI,0,0,0,0,1,0,0,0,0,1,3,0
SEA,0,0,1,0,2,0,0,0,0,3,7,1
HOU,0,0,0,1,0,0,4,0,x,5,7,0
SF,0,2,0,0,0,0,1,0,0,3,8,2
PHI,0,0,3,1,0,0,0,0,x,4,6,1
TEX,0,0,1,0,0,0,0,0,0,1,7,0
KC,0,0,0,0,1,0,6,0,x,7 11,0
TOR,0,3,0,0,0,0,0,0,0,3,7,2
WSH,0,0,1,0,0,0,4,4,x,9 12,1
ATL,0,0,0,1,0,0,1,0,0,2,6,0
LAD,0,2,1,4,0,0,3,1,x,11 16,0
BAL,0,0,0,1,1,0,0,0,0,2,7,0
CIN,0,0,0,0,0,0,0,0,1,1,6,0
BOS,1,0,0,0,0,0,0,0,0,1,8,0
MIN,1,0,0,1,0,1,0,0,x,3,8,0
COL,0,0,0,0,0,0,0,0,0,0,1,0
PIT,0,0,0,0,0,0,0,0,1,1,6,0
CWS,2,0,0,1,0,2,0,0,0,1,6,8,0
STL,0,0,0,0,5,0,0,0,0,0,5,5,1
DET,1,0,0,2,0,0,0,0,0,3,7,0
NYY,1,0,4,0,0,0,0,0,x,5,9,0
LAA,0,0,0,0,1,0,0,0,0,1,4,0
CLE,0,2,0,1,0,4,0,0,x,7,6,1
MIA,0,0,0,0,0,1,0,2,1,4,7,1
OAK,0,2 10,1,0,2,1,4,x,20 21,1
MIL,0,0,0,0,0,0,4,0,1,5,8,0
CHC,2,0,2,0,0,1,0,1,x,6,8,2
NYM,1,0,0,0,0,0,0,0,0,1,6,2
TB,1,0,0,0,0,0,0,2,x,3,7,0
SD,1,0,0,2,0,0,8,0,2,13 18,0
ARI,0,0,0,0,0,0,0,0,1,1,8,1
SEA,0,1,0,1,1,2,0,0,0,5 10,0
HOU,0,0,0,0,0,0,0,0,0,0,3,1
SF,0,0,1,0,2,0,0,0,0,3 10,2
PHI,5,4,0,0,0,4,1,0,x,14 12,1
TEX,1,0,3,3,0,0,3,0,5,15 17,0
KC,0,0,0,0,2,1,0,1,0,4,9,1
TOR,4,0,0,0,0,0,0,2,0,6,9,1
WSH,0,0,0,0,0,0,2,0,1,3,6,4
ATL,0,0,0,0,0,0,1,0,0,1,5,1
LAD,2,0,0,0,0,2,0,1,x,5,5,0
BAL,3,0,0,0,1,0,2,0,5,11 11,0
CIN,0,0,0,0,0,0,0,0,1,1,3,0
BOS,0,0,0,1,2,0,0,4,2,9 11,1
MIN,0,0,1,0,0,0,0,1,0,2,9,1
COL,0,3,0,0,0,0,0,0,0,3,7,0
PIT,0,0,0,1,0,4,0,0,x,5,9,0
CWS,0,1,0,0,0,0,4,0,0,5,9,0
STL,0,0,0,1,0,0,0,0,0,1,4,0
DET,0,0,0,0,0,0,2,0,x,2,5,0
NYY,1,1,0,0,0,0,3,0,x,5,9,0
LAA,0,1,0,0,0,0,0,0,0,1,6,1
CLE,0,0,0,0,0,2,0,2,x,4,5,0
MIA,4,1,0,0,0,3,0,0,4,12 14,2
OAK,0,0,0,2,0,0,0,1,0,3,5,0
MIL,0,0,0,0,0,0,0,0,0,0,5,0
CHC,0,0,0,0,3,1,1,0,x,5,7,0
NYM,2,0,1,2,0,0,0,0,0,1,6,8,0
TB,0,3,1,0,0,0,0,0,1,2,7,9,2
SD,0,3,1,0,0,0,0,0,0,4 12,1
ARI,4,2,0,4,1,0,0,0,x,11 13,0
SEA,0,2,0,0,0,1,0,1,1,5 10,0
HOU,0,0,0,0,0,2,2,0,0,4,8,0
SF,1,0,0,0,0,0,2,0,1,4,7,2
PHI,0,1,4,0,0,0,0,0,x,5,9,0
TEX,0,0,0,0,0,0,0,1,1,1,3,8,0
KC,1,0,1,0,0,0,0,0,0,0,2,7,0
TOR,0,5,1,0,2,0,0,0,0,8 10,2
WSH,1,0,1,5,0,1,2,1,x,11 11,3
CWS,0,0,2,0,0,0,0,0,0,2,4,2
TB,0,3,1,0,3,1,0,0,x,8 13,2
DET,1,0,0,0,0,0,0,0,0,1,6,0
CLE,1,0,0,0,0,1,0,0,x,2,7,1
LAA,0,0,0,0,0,1,0,0,0,1,5,0
PIT,0,0,4,0,0,0,0,0,x,4,6,1
MIA,2,1,0,0,0,0,0,0,0,3,7,0
LAD,3,2,1,0,0,0,0,0,x,6,9,1
MIL,0,0,0,2,0,0,0,0,0,2,3,1
KC,0,0,0,0,0,0,3,0,x,3,5,0
NYM,1,0,0,0,2,0,1,0,0,4 10,0
STL,0,0,0,0,0,3,0,0,0,3,8,1
SD,0,0,0,0,0,6,0,0,0,6 11,0
CHC,0,0,0,0,0,2,1,0,0,3,7,0
SEA,0,0,0,0,0,0,1,0,0,1,3,0
MIN,0,0,0,0,1,0,2,0,x,3,5,0
SF,0,0,0,0,0,1,0,0,0,1,5,0
PHI,0,0,0,1,4,0,0,1,x,6 10,1
TEX,0,0,0,0,0,0,0,3,1,4,5,2
OAK,0,1,0,0,1,0,0,0,0,2,7,1
ARI,0,0,1,0,1,0,4,0,0,6,8,0
CIN,0,0,0,0,0,0,1,0,1,2,3,1
BAL,0,0,0,0,0,0,0,0,0,0,3,0
WSH,0,1,0,0,0,0,2,0,x,3,6,1
BOS,0,0,0,0,0,2,0,0,0,2,8,0
ATL,0,0,2,0,0,0,0,2,x,4,7,2
CWS,0,0,0,0,0,0,1,0,0,1,6,1
TB,0,2,2,0,0,1,0,0,x,5,8,2
DET,1,4,2,1,0,0,1,2,0,11 15,0
CLE,2,5,0,0,0,0,0,0,0,7,8,2
HOU,1,0,0,0,0,0,0,0,2,3,3,0
NYY,3,0,1,2,1,1,2,0,x,10 13,1
LAA,0,0,0,3,2,1,1,2,0,9 15,1
PIT,0,0,0,0,0,0,0,0,0,0,3,1
MIA,1,0,0,0,0,1,0,0,0,2,6,1
LAD,4,0,4,0,0,0,0,0,x,8,5,0
MIL,0,2,0,0,0,0,1,0,3,6 13,0
KC,0,0,0,0,4,0,1,0,0,5 12,1
NYM,0,0,0,0,6,0,0,0,1,7 14,0
STL,3,0,0,0,0,1,0,0,1,5 11,1
SD,0,0,0,0,0,0,0,2,0,2,9,0
CHC,0,0,0,1,0,0,0,1,1,3 10,1
SEA,0,2,0,0,0,0,4,0,4,10 10,0
MIN,0,0,4,0,0,0,1,1,0,6,9,0
SF,0,0,0,4,0,0,1,0,0,5 10,0
COL,0,0,0,0,0,0,0,0,0,0,4,0
TEX,1 10,0,4,0,0,0,0,0,15 19,2
OAK,0,2,0,0,0,2,1,3,0,8,7,2
TOR,0,0,0,0,0,0,1,0,0,1,6,0
PHI,1,2,0,5,0,0,0,2,x,10 11,0
ARI,0,0,2,0,0,1,0,1,0,4,8,1
CIN,0,1,0,1,0,0,0,0,1,3,9,1
BAL,0,0,0,1,0,1,1,0,0
WSH,0,1,0,0,0,0,0,0,2
BOS,0,0,0,0,0,0,0,0,0,0,7,0
ATL,4,0,1,0,0,0,0,0,x,5,9,1
CWS,0,0,0,0,2,2,0,0,0,4 12,0
TB,0,0,0,1,0,0,0,0,0,1,4,0
DET,0,0,0,4,0,0,0,0,0,0,4,7,2
CLE,0,2,0,0,0,0,0,1,1,1,5,5,0
HOU,1,0,0,0,0,0,1,1,1,4 11,0
NYY,2,1,2,0,0,3,0,1,x,9 11,0
LAA,0,0,1,0,1,3,0,0,0,5 10,0
PIT,0,0,0,0,4,0,0,0,0,4,6,0
MIA,0,0,0,1,0,0,0,0,0,1,6,0
LAD,1,0,0,0,0,2,0,0,x,3,6,0
MIL,1,0,0,0,0,0,1,0,2,4,8,0
KC,2,0,0,0,0,1,0,3,x,6,9,0
SD,1,0,0,0,2,0,0,0,0,3,8,0
CHC,0,0,0,0,0,0,0,0,0,0,1,0
SEA,0,0,0,1,0,0,2,0,0,3 10,0
MIN,2,1,0,1,0,0,0,2,x,6,7,0
SF,0,6,1,0,0,0,1,0,0,8 13,1
COL,0,1,0,0,2,1,0,0,2,6 12,1
TEX,0,1,4,2,0,0,0,3,2,12 16,1
OAK,0,2,2,2,0,0,0,1,4,11 14,1
TOR,0,0,1,0,0,3,0,1,0,5 12,0
PHI,0,0,1,0,0,0,1,0,1,3,7,0
ARI,1,0,0,0,0,2,1,1,0,5,9,0
CIN,0,0,0,0,1,0,3,0,0,4,9,0
CLE,0,0,0,0,0,0,0,2,0,2,9,0
CWS,1,2,0,0,0,0,0,0,x,3,8,0
HOU,3,0,0,0,1,0,0,0,0,4 11,1
NYY,0,0,2,0,0,0,0,1,0,3,6,1
KC,0,0,4,0,2,2,1,1,0,10 12,1
LAA,0,0,0,0,0,0,3,0,1,4,5,1
SEA,0,1,0,0,0,0,0,0,0,1,6,2
MIN,5,1,0,2,1,0,2,0,x,11 11,1
SF,0,0,0,1,0,0,0,0,0,1,7,0
COL,0,0,0,7,0,1,0,1,x,9 14,0
STL,0,0,1,0,0,0,0,0,0,1,6,0
MIL,3,1,0,1,1,0,1,0,x,7 10,1
ARI,0,0,1,0,0,1,0,0,0,2,7,0
BAL,0,2,0,0,1,0,1,0,x,4,7,0
ATL,0,0,4,0,0,0,0,0,0,4,7,0
NYM,0,0,0,0,0,0,1,0,1,2,4,1
CHC,1,0,0,0,1,1,4,0,0,7 14,3
PIT,2,0,0,0,0,0,0,0,0,2,7,1
CIN,1,0,1,1,0,0,0,1,0,4,9,0
SF,1,1,0,0,0,0,0,0,0,2,7,1
CLE,0,0,0,0,0,0,1,2,0,3,8,2
CWS,0,0,0,0,3,0,2,1,x,6,8,0
HOU,0,0,0,0,0,1,0,4,0,5,8,1
DET,0,0,2,0,0,0,0,0,0,2,7,1
KC,0,0,0,0,0,0,0,0,2,2,7,2
LAA,0,0,0,0,1,0,0,0,0,1,5,0
LAD,0,0,0,0,0,0,0,1,0,1,4,0
SD,0,0,1,0,0,0,0,0,1,2,3,1
MIN,1,0,0,0,1,0,0,0,1,3,7,0
TOR,0,0,1,0,0,0,0,0,1,2,8,0
NYY,0,0,0,1,0,0,0,0,1,2,9,0
TB,0,0,0,0,0,0,0,0,0,0,6,1
OAK,0,0,0,0,0,0,0,0,1,1,7,0
SEA,0,0,0,5,2,0,1,0,x,8 11,0
PHI,0,2,0,3,1,0,1,1,0,8 15,0
MIA,0,0,0,0,0,0,0,2,0,2,5,2
STL,0,0,0,0,0,0,1,0,1,2,5,1
MIL,0,0,0,2,5,0,4,0,x,11 12,0
TEX,0,0,0,0,0,1,1,0,0,2,5,1
COL,0,0,0,0,1,0,1,2,x,4 10,1
WSH,0,2,1,0,0,0,0,0,2,5,8,0
BOS,0,0,0,1,0,0,0,0,0,1,9,1
OAK,0,0,2,0,0,0,0,3,3,8,9,0
SEA,0,1,0,0,0,0,0,0,0,1,3,0
PHI,0,0,0,0,0,4,0,4,0,8 12,0
MIA,0,0,0,0,1,0,0,0,2,3 11,1
STL,0,0,0,0,2,1,0,0,0,3 12,0
MIL,0,0,1,0,0,1,3,0,x,5,6,0
TEX,0,0,0,0,2,0,1,0,0,3,8,1
COL,0,0,1,0,0,1,6,0,x,8 14,0
WSH,0,1,0,0,1,0,0,0,0,2,4,2
BOS,0,0,1,0,1,0,0,2,x,4,6,1
ARI,0,0,0,1,2,6,0,0,0,9,8,2
BAL,0,0,0,0,1,1,0,0,0,2,4,2
CHC,2,0,0,0,0,0,0,0,0,3,5,9,0
PIT,0,0,0,1,0,1,0,0,0,2,4,8,0
WSH,0,0,0,2,0,0,0,0,0,2,5,2
BOS,0,3,0,0,0,0,0,0,x,3,7,1
HOU,0,0,0,0,0,2,2,4,1,9 18,0
DET,0,0,0,0,0,0,0,0,3,3,6,1
PHI,3,0,0,0,0,3,0,0,0,0,6,6,0
MIA,0,1,3,2,0,0,0,0,0,1,7,8,0
NYY,1,0,1,2,2,0,0,4,0,10 11,0
TB,0,0,0,0,0,0,5,0,1,6,8,0
CLE,0,0,1,3,0,3,0,0,0,7,5,0
CWS,0,0,0,0,0,0,0,0,0,0,6,2
STL,0,1,0,0,1,1,1,0,0,4 11,0
MIL,3,0,0,0,0,0,0,0,0,3,7,1
TEX,1,0,0,0,0,0,0,0,0,1,9,0
COL,2,0,0,0,0,0,0,1,x,3,7,0
CIN,3,0,0,0,0,0,1,1,0,0,5 10,2
SF,0,0,0,0,5,0,0,0,0,1,6,9,1
KC,0,0,0,4,0,0,0,0,0,4 11,0
LAA,0,0,0,0,0,1,0,0,1,2,6,2
LAD,0,0,0,0,0,0,0,0,0,0,4,0
SD,2,0,0,1,1,0,0,0,x,4,9,1
OAK,0,0,0,0,1,1,0,2,0,4,8,1
SEA,1,4,0,0,2,1,0,0,x,8,8,1
ATL,0,1,0,0,0,1,0,1,0,3,6,0
NYM,0,0,1,0,0,1,0,0,2,4 10,0
TOR,0,0,0,0,0,1,0,1,0,1,3,8,0
BAL,0,0,0,1,0,1,0,0,0,0,2,3,0
MIA,0,0,0,0,3,0,0,2,0,5 12,2
DET,0,3,0,0,0,0,0,3,x,6,8,0
TB,3,0,0,1,0,0,0,1,0,5 10,0
BOS,3,0,0,0,0,0,0,0,0,3,8,0
PHI,0,1,0,0,0,0,1,0,2,1,5,8,2
NYM,0,2,1,0,0,0,1,0,0,0,4,8,0
CHC,0,0,0,0,0,0,0,0,0,0,5,0
ATL,0,0,0,0,0,2,0,0,x,2 10,0
PIT,2,0,1,0,0,0,2,2,1,8 13,2
MIL,0,0,0,0,0,0,2,4,0,6 13,1
CLE,0,0,0,0,0,0,0,4,3,7,8,1
TEX,0,0,0,0,0,0,0,0,0,0,4,1
OAK,0,0,0,1,1,0,0,0,0,2,9,3
HOU,0,1,1,1,0,0,2,4,x,9 10,1
STL,0,0,0,0,0,0,8,0,2,10 10,1
LAA,0,0,4,0,0,0,0,1,0,5,7,2
CIN,0,0,2,0,0,1,0,2,0,5 10,0
ARI,0,1,2,0,0,0,1,0,2,6 11,1
COL,0,1,0,4,0,0,0,0,0,5,9,0
SD,0,1,0,0,0,2,1,0,0,4,4,3
KC,0,0,0,0,0,0,0,2,0,2,6,0
SEA,0,2,2,0,0,0,0,2,x,6 11,2
LAD,1,0,0,0,1,1,1,0,0,2,6 11,0
SF,0,3,0,0,0,1,0,0,0,0,4,6,1
PHI,0,0,2,0,0,0,0,0,2,4,7,0
NYM,0,0,0,0,0,0,0,0,0,0,4,0
WSH,0,0,0,0,0,0,0,0,0,0,4,0
CWS,0,0,3,0,0,0,0,1,x,4,7,1
MIA,0,0,0,0,0,0,0,0,0,1,1,4,0
DET,0,0,0,0,0,0,0,0,0,0,0,4,0
TB,1,0,0,0,0,2,0,0,0
BOS,0,0,0,2,1,0,0,0,0
CHC,0,0,0,0,0,0,0,0,0,0,3,1
ATL,1,0,0,6,0,0,0,0,x,7,9,0
NYY,0,2,1,2,0,0,0,0,0,5 13,0
MIN,1,0,0,0,0,0,0,0,0,1,7,1
PIT,0,0,0,2,0,0,0,0,1,3,3,0
MIL,0,4,0,0,0,0,0,0,x,4 10,1
CLE,0,6,0,0,0,0,0,0,1,7,7,0
TEX,0,1,1,0,1,0,0,1,0,4,7,0
OAK,0,0,0,0,0,0,0,1,0,0,1,7,0
HOU,0,1,0,0,0,0,0,0,0,1,2,6,0
STL,0,2,3,0,0,0,2,0,0,7 12,1
LAA,0,0,1,3,1,0,1,0,0,6 12,1
CIN,0,0,0,2,2,2,0,0,0,6 13,0
ARI,0,0,2,0,0,0,0,0,0,2,6,0
COL,0,0,0,1,0,4,1,0,0,6 10,0
SD,0,0,0,0,0,0,3,0,0,3 11,1
KC,0,0,0,0,0,0,3,1,0,4,5,0
SEA,0,0,0,1,0,0,0,0,1,2,7,0
LAD,0,0,0,4,1,0,1,0,4,10 13,0
SF,0,0,0,0,0,1,0,0,1,2,9,2
ARI,0,0,2,0,2,0,0,0,0
BAL,0,1,1,0,1,0,0,1,0
ATL,0,0,2,1,0,0,0,0,1,4,7,0
NYM,0,0,0,0,0,0,0,0,1,1,2,1
CHC,0,0,0,1,7,0,0,0,1,9 10,0
PIT,0,0,4,2,3,1,0,0,x,10 11,0
CIN,0,0,0,1,0,0,0,0,0,1,8,1
SF,4,0,0,0,0,0,1,0,x,5,7,0
CLE,0,0,0,1,0,0,0,0,0,1,4,1
CWS,0,2,0,0,0,0,0,1,x,3,7,0
HOU,0,0,0,2,0,0,0,0,0,2,8,1
DET,0,7,0,1,0,0,0,0,x,8 11,0
KC,1,0,0,0,0,1,1,0,0,3,8,0
LAA,0,3,2,0,0,0,4,0,x,9 10,0
LAD,1,0,0,0,0,4,0,0,0,5,5,0
SD,0,0,0,0,0,0,0,0,0,0,6,0
MIN,3,1,3,1,0,0,0,0,0,8 13,0
TOR,0,1,2,0,3,2,2,0,x,10 16,1
NYY,0,2,0,0,0,0,0,0,0,2,5,0
TB,1,0,3,0,0,0,3,0,x,7,8,0
MIN,0,0,0,0,0,0,3,2,0,5,6,0
TOR,0,0,0,0,0,0,1,0,0,1,2,2
CIN,0,0,0,0,1,0,0,0,0,1,3,0
ARI,0,1,0,0,0,0,0,1,x,2,6,0
COL,0,3,2,0,0,2,0,1,0,8 12,0
SD,0,0,0,0,0,0,0,0,0,0,4,0
KC,0,0,0,0,0,1,0,1,0,2,6,1
SEA,0,1,0,1,0,0,1,1,x,4,9,1
MIA,2,0,0,0,0,0,0,0,0,2,4,0
DET,0,0,0,0,0,0,0,0,0,0,7,0
NYM,1,0,1,0,0,0,0,3,0,5,9,2
PHI,1,0,0,0,4,2,3,0,x,10 10,2
PIT,0,0,1,0,0,0,1,0,0,2,8,0
MIL,0,0,5,1,1,3,0,0,x,10 13,1
TB,0,0,0,1,0,3,0,0,0,4,7,0
BOS,1,0,0,1,0,1,0,0,0,3,8,2
TOR,0,0,2,0,0,0,0,0,0,2,5,0
BAL,1,0,0,0,0,0,0,0,2,3 11,0
WSH,0,0,0,0,0,0,0,0,0,0,3,1
CWS,0,0,1,0,0,1,0,0,x,2,9,1
CHC,3,0,1,0,1,0,0,2,0,7 13,0
ATL,0,0,0,0,0,0,1,0,0,1,8,1
NYY,1,1,1,0,0,0,1,0,0,4 13,1
MIN,0,0,0,0,0,0,0,0,0,0,4,0
CLE,0,0,0,0,0,0,0,0,0,0,6,1
TEX,0,0,0,0,2,2,0,0,x,4,7,0
OAK,0,0,0,0,0,0,0,0,0,0,2,1
HOU,2,0,0,1,0,0,0,0,x,3,8,1
STL,0,0,0,0,0,1,0,1,0,2,9,1
LAA,4,0,0,0,0,1,2,0,x,7 14,0
LAD,0,0,0,0,0,0,0,1,0,1,7,1
SF,0,0,2,0,0,1,0,1,x,4,7,0
