
 
,,,,,,,,,Team,Team,Team,Team,Team,,Opponent,Opponent,Opponent,Opponent,Opponent,,Advanced (at Even Strength),Advanced (at Even Strength),Advanced (at Even Strength),Advanced (at Even Strength),Advanced (at Even Strength),Advanced (at Even Strength),Advanced (at Even Strength),Advanced (at Even Strength),Advanced (at Even Strength),Advanced (at Even Strength),Advanced (at Even Strength)
GP,Date,,Opponent,GF,GA,,,,S,PIM,PPG,PPO,SHG,,S,PIM,PPG,PPO,SHG,,CF,CA,CF%,FF,FA,FF%,FOW,FOL,FO%,oZS%,PDO
1,2024-10-12,@,San Jose Sharks,2,0,W,,,30,8,0,5,0,,30,12,0,3,0,,41,51,44.6,34,38,47.2,21,22,48.8,37.6,108.3
2,2024-10-13,@,Vegas Golden Knights,1,3,L,,,23,8,0,1,0,,32,2,1,4,0,,58,49,54.2,36,39,48.0,18,15,54.5,34.8,96.4
3,2024-10-16,,Utah Hockey Club,5,4,W,OT,,34,8,0,5,0,,30,14,1,2,0,,55,54,50.5,39,36,52.0,20,33,37.7,36.4,103.6
4,2024-10-18,@,Colorado Avalanche,3,4,L,OT,,19,10,0,3,0,,49,6,1,5,0,,45,80,36.0,31,56,35.6,15,30,33.3,27.2,109.0
5,2024-10-20,,Los Angeles Kings,1,4,L,,,14,4,0,3,0,,36,6,0,2,0,,33,56,37.1,23,42,35.4,15,29,34.1,43.3,95.4
6,2024-10-22,,San Jose Sharks,3,1,W,,,40,6,2,6,0,,28,14,1,2,0,,59,62,48.8,46,40,53.5,22,33,40.0,48.6,103.1
7,2024-10-26,@,New York Rangers,1,2,L,,,33,4,0,1,0,,32,4,0,1,0,,54,64,45.8,40,46,46.5,25,25,50.0,61.4,96.3
8,2024-10-27,@,New Jersey Devils,2,6,L,,,26,9,0,2,0,,34,11,1,1,0,,37,62,37.4,28,49,36.4,20,37,35.1,49.8,94.4
9,2024-10-29,@,New York Islanders,3,1,W,,,22,8,2,3,0,,41,6,1,4,0,,41,68,37.6,28,50,35.9,14,33,29.8,30.3,105.6
10,2024-10-31,@,Pittsburgh Penguins,1,2,L,OT,,23,6,0,2,0,,45,4,0,3,0,,46,85,35.1,33,60,35.5,25,25,50.0,37.5,99.6
11,2024-11-03,,Chicago Blackhawks,2,4,L,,,40,9,1,5,0,,29,25,2,2,0,,72,35,67.3,48,30,61.5,22,20,52.4,57.7,94.0
12,2024-11-05,,Vancouver Canucks,1,5,L,,,22,10,1,4,0,,37,8,1,5,0,,26,54,32.5,21,37,36.2,18,24,42.9,43.3,84.6
13,2024-11-08,,Minnesota Wild,2,5,L,,,35,10,0,6,0,,31,16,1,2,0,,60,47,56.1,44,31,58.7,13,23,36.1,68.2,90.7
14,2024-11-10,,Columbus Blue Jackets,4,2,W,,,30,4,0,2,0,,40,4,1,2,0,,50,74,40.3,34,53,39.1,20,30,40.0,38.2,114.5
15,2024-11-13,,Vegas Golden Knights,2,3,L,,,24,6,0,3,0,,39,6,1,3,0,,49,58,45.8,38,42,47.5,18,21,46.2,36.7,103.3
16,2024-11-15,,Detroit Red Wings,6,4,W,,,29,8,2,4,0,,25,8,3,4,0,,37,48,43.5,26,36,41.9,21,22,48.8,37.5,118.5
17,2024-11-18,@,Dallas Stars,4,2,W,,,27,4,1,2,0,,36,4,0,2,0,,45,75,37.5,34,54,38.6,22,41,34.9,35.4,105.8
18,2024-11-19,@,Chicago Blackhawks,3,2,W,,,24,2,0,2,0,,20,4,0,1,0,,49,40,55.1,35,27,56.5,24,24,50.0,38.5,105.0
19,2024-11-22,,Buffalo Sabres,2,3,L,OT,,24,11,0,2,0,,32,11,0,2,0,,47,70,40.2,39,52,42.9,12,26,31.6,33.8,101.7
20,2024-11-25,,Seattle Kraken,2,3,L,,,23,10,0,1,0,,28,6,0,3,0,,39,55,41.5,27,41,39.7,19,24,44.2,42.3,97.5
21,2024-11-27,@,Seattle Kraken,5,2,W,,,33,22,1,2,0,,44,6,0,5,0,,54,55,49.5,39,44,47.0,21,33,38.9,52.6,108.0
22,2024-11-29,,Los Angeles Kings,1,2,L,,,31,6,0,3,0,,18,8,0,2,0,,53,45,54.1,43,30,58.9,20,21,48.8,60.0,90.8
23,2024-12-01,,Ottawa Senators,4,3,W,SO,,34,12,1,3,0,,31,10,1,4,0,,57,56,50.4,38,39,49.4,25,24,51.0,55.9,96.9
24,2024-12-04,,Vegas Golden Knights,,,,,,,,,,,,,,,,,,,,,,,,,,,,
