,,,,,,,,,Team,Team,Team,Team,Team,,Opponent,Opponent,Opponent,Opponent,Opponent,,Advanced (at Even Strength),Advanced (at Even Strength),Advanced (at Even Strength),Advanced (at Even Strength),Advanced (at Even Strength),Advanced (at Even Strength),Advanced (at Even Strength),Advanced (at Even Strength),Advanced (at Even Strength),Advanced (at Even Strength),Advanced (at Even Strength)
GP,Date,,Opponent,GF,GA,,,,S,PIM,PPG,PPO,SHG,,S,PIM,PPG,PPO,SHG,,CF,CA,CF%,FF,FA,FF%,FOW,FOL,FO%,oZS%,PDO
1,2024-10-12,,New Jersey Devils,3,5,L,,,32,10,1,3,0,,33,8,0,4,0,,50,47,51.5,37,32,53.6,18,27,40.0,57.8,88.6
2,2024-10-15,,Vegas Golden Knights,4,2,W,,,22,8,1,3,0,,26,6,1,4,0,,43,44,49.4,29,33,46.8,21,20,51.2,33.3,115.5
3,2024-10-17,,Dallas Stars,3,2,W,,,26,8,0,5,0,,24,10,0,4,1,,35,49,41.7,26,28,48.1,16,29,35.6,39.4,110.2
4,2024-10-19,@,New Jersey Devils,6,5,W,OT,,37,9,0,2,0,,31,9,1,2,0,,59,50,54.1,44,39,53.0,23,32,41.8,48.2,103.4
5,2024-10-22,@,Philadelphia Flyers,4,1,W,,,29,13,0,5,2,,18,17,0,3,0,,41,35,53.9,31,22,58.5,19,15,55.9,43.5,103.3
6,2024-10-23,,Philadelphia Flyers,6,3,W,,,25,10,0,3,0,,29,8,2,4,0,,43,48,47.3,35,30,53.8,22,34,39.3,48.3,125.8
7,2024-10-26,@,Tampa Bay Lightning,0,3,L,,,32,13,0,2,0,,21,11,0,3,0,,62,46,57.4,44,31,58.7,29,23,55.8,63.4,83.3
8,2024-10-29,,New York Rangers,5,3,W,,,46,11,0,4,0,,19,13,1,3,0,,67,41,62.0,57,32,64.0,30,14,68.2,43.1,100.3
9,2024-10-31,,Montreal Canadiens,6,3,W,,,34,17,1,5,0,,15,15,1,6,0,,63,29,68.5,44,15,74.6,18,21,46.2,64.0,100.8
10,2024-11-02,,Columbus Blue Jackets,7,2,W,,,22,6,0,1,0,,36,2,0,3,0,,46,73,38.7,33,45,42.3,23,31,42.6,25.8,124.7
11,2024-11-03,@,Carolina Hurricanes,2,4,L,,,21,6,1,4,0,,45,8,0,3,0,,35,67,34.3,23,51,31.1,23,25,47.9,24.2,95.4
12,2024-11-06,,Nashville Predators,3,2,W,,,36,4,0,6,0,,35,12,0,2,0,,60,71,45.8,42,52,44.7,26,25,51.0,40.3,102.8
13,2024-11-08,,Pittsburgh Penguins,2,4,L,,,34,4,0,3,0,,32,6,0,2,0,,53,57,48.2,40,43,48.2,25,25,50.0,52.6,94.1
14,2024-11-09,@,St. Louis Blues,8,1,W,,,27,8,2,2,0,,25,6,0,3,0,,40,39,50.6,34,25,57.6,20,23,46.5,43.4,124.1
15,2024-11-13,,Toronto Maple Leafs,3,4,L,OT,,27,4,0,1,0,,34,2,1,2,0,,57,58,49.6,42,43,49.4,26,24,52.0,47.4,103.4
16,2024-11-15,@,Colorado Avalanche,5,2,W,,,20,2,1,2,0,,19,4,0,1,0,,42,55,43.3,28,38,42.4,29,27,51.8,34.2,111.1
17,2024-11-17,@,Vegas Golden Knights,5,2,W,,,25,2,1,1,0,,42,2,0,1,0,,60,75,44.4,44,57,43.6,33,33,50.0,26.1,111.5
18,2024-11-18,@,Utah Hockey Club,6,2,W,,,24,21,1,3,0,,26,13,0,7,0,,25,42,37.3,20,28,41.7,21,21,50.0,35.1,120.1
19,2024-11-21,,Colorado Avalanche,1,2,L,,,29,6,0,2,0,,27,4,1,3,0,,51,51,50.0,32,35,47.8,31,16,66.0,58.3,100.8
20,2024-11-23,,New Jersey Devils,2,3,L,,,25,17,1,2,0,,33,11,2,5,0,,74,43,63.2,43,28,60.6,22,22,50.0,54.3,99.0
21,2024-11-25,@,Florida Panthers,4,1,W,,,31,10,1,4,0,,21,10,0,4,0,,63,42,60.0,45,33,57.7,27,17,61.4,57.2,105.7
22,2024-11-27,@,Tampa Bay Lightning,5,4,W,,,32,11,1,3,1,,28,11,1,3,0,,48,37,56.5,37,25,59.7,32,16,66.7,36.4,97.9
23,2024-11-29,,New York Islanders,5,4,W,OT,,26,6,2,4,0,,24,8,0,3,0,,49,33,59.8,32,23,58.2,24,27,47.1,50.0,88.3
24,2024-11-30,@,New Jersey Devils,6,5,W,,,32,10,3,5,0,,27,14,2,3,0,,49,41,54.4,39,30,56.5,26,26,50.0,55.6,96.2
25,2024-12-03,,San Jose Sharks,,,,,,,,,,,,,,,,,,,,,,,,,,,,
