,,,,,,,,,Team,Team,Team,Team,Team,,Opponent,Opponent,Opponent,Opponent,Opponent,,Advanced (at Even Strength),Advanced (at Even Strength),Advanced (at Even Strength),Advanced (at Even Strength),Advanced (at Even Strength),Advanced (at Even Strength),Advanced (at Even Strength),Advanced (at Even Strength),Advanced (at Even Strength),Advanced (at Even Strength),Advanced (at Even Strength)
GP,Date,,Opponent,GF,GA,,,,S,PIM,PPG,PPO,SHG,,S,PIM,PPG,PPO,SHG,,CF,CA,CF%,FF,FA,FF%,FOW,FOL,FO%,oZS%,PDO
1,2024-10-11,@,Carolina Hurricanes,4,1,W,,,23,8,2,6,0,,21,12,0,4,0,,34,56,37.8,23,38,37.7,26,28,48.1,39.9,106.8
2,2024-10-15,,Vancouver Canucks,4,1,W,,,27,8,0,5,0,,27,14,1,3,0,,50,47,51.5,38,30,55.9,19,21,47.5,46.7,116.0
3,2024-10-17,,Vegas Golden Knights,4,3,W,,,25,6,0,2,0,,25,4,1,3,0,,58,32,64.4,39,27,59.1,17,22,43.6,50.0,109.0
4,2024-10-19,@,Ottawa Senators,4,5,L,,,29,14,0,3,0,,28,10,2,5,1,,44,40,52.4,29,23,55.8,28,23,54.9,41.0,106.7
5,2024-10-21,@,Toronto Maple Leafs,2,5,L,,,34,13,1,6,0,,29,17,1,4,0,,42,50,45.7,28,38,42.4,19,12,61.3,72.2,86.0
6,2024-10-22,@,New Jersey Devils,8,5,W,,,37,8,2,2,1,,35,6,2,3,0,,50,52,49.0,41,36,53.2,33,33,50.0,38.0,106.9
7,2024-10-24,,Minnesota Wild,2,4,L,,,26,8,0,1,1,,18,2,1,4,0,,52,36,59.1,31,23,57.4,17,24,41.5,52.3,84.3
8,2024-10-26,,Washington Capitals,3,0,W,,,21,11,0,3,0,,32,13,0,2,0,,49,61,44.5,31,44,41.3,23,29,44.2,36.6,116.7
9,2024-10-28,,Nashville Predators,3,2,W,OT,,27,8,0,3,0,,37,6,1,4,0,,54,40,57.4,35,32,52.2,25,27,48.1,40.8,109.6
10,2024-10-30,@,Colorado Avalanche,5,2,W,,,21,17,0,3,0,,35,26,1,4,0,,36,51,41.4,28,36,43.8,21,16,56.8,17.0,124.1
11,2024-11-01,@,Minnesota Wild,3,5,L,,,30,9,2,4,0,,22,13,0,2,0,,41,38,51.9,27,30,47.4,23,20,53.5,48.0,77.0
12,2024-11-03,@,Winnipeg Jets,4,7,L,,,30,31,1,2,0,,34,19,1,3,0,,48,43,52.7,35,39,47.3,33,32,50.8,50.0,91.8
13,2024-11-05,@,St. Louis Blues,2,3,L,,,23,2,0,3,0,,23,6,0,1,0,,51,42,54.8,33,32,50.8,18,19,48.6,55.6,98.1
14,2024-11-07,,Philadelphia Flyers,1,2,L,SO,,23,4,0,2,0,,31,4,0,2,0,,56,46,54.9,38,35,52.1,14,19,42.4,54.8,100.7
15,2024-11-14,,Winnipeg Jets,4,1,W,,,29,10,1,3,0,,24,6,0,5,0,,48,47,50.5,39,34,53.4,18,21,46.2,44.0,107.2
16,2024-11-16,,New Jersey Devils,4,0,W,,,26,8,1,3,0,,29,6,0,4,0,,39,43,47.6,31,26,54.4,26,23,53.1,32.4,115.0
17,2024-11-19,@,Pittsburgh Penguins,3,2,W,OT,,35,4,0,3,0,,19,6,1,2,0,,68,34,66.7,47,24,66.2,23,17,57.5,56.2,105.3
18,2024-11-21,@,Columbus Blue Jackets,6,7,L,OT,,30,2,2,2,0,,43,4,1,1,1,,55,83,39.9,34,53,39.1,32,25,56.1,45.2,103.5
19,2024-11-23,,Dallas Stars,2,4,L,,,29,6,0,3,0,,28,6,1,3,0,,46,38,54.8,32,34,48.5,29,25,53.7,57.7,95.2
20,2024-11-25,,Colorado Avalanche,8,2,W,,,33,6,2,2,1,,25,4,0,3,0,,56,43,56.6,43,29,59.7,34,18,65.4,52.8,109.4
21,2024-11-27,,Washington Capitals,4,5,L,,,28,11,1,3,0,,32,11,1,3,1,,38,46,45.2,25,37,40.3,16,32,33.3,63.6,102.1
22,2024-11-29,@,Nashville Predators,3,2,W,OT,,28,6,1,4,1,,30,10,0,2,0,,55,48,53.4,37,38,49.3,24,27,47.1,43.2,96.3
23,2024-11-30,,Toronto Maple Leafs,3,5,L,,,41,2,1,3,0,,29,6,0,1,0,,61,43,58.7,45,31,59.2,32,30,51.6,57.8,89.4
24,2024-12-05,,San Jose Sharks,,,,,,,,,,,,,,,,,,,,,,,,,,,,
