 
,,,,,,,,,Team,Team,Team,Team,Team,,Opponent,Opponent,Opponent,Opponent,Opponent,,Advanced (at Even Strength),Advanced (at Even Strength),Advanced (at Even Strength),Advanced (at Even Strength),Advanced (at Even Strength),Advanced (at Even Strength),Advanced (at Even Strength),Advanced (at Even Strength),Advanced (at Even Strength),Advanced (at Even Strength),Advanced (at Even Strength)
GP,Date,,Opponent,GF,GA,,,,S,PIM,PPG,PPO,SHG,,S,PIM,PPG,PPO,SHG,,CF,CA,CF%,FF,FA,FF%,FOW,FOL,FO%,oZS%,PDO
1,2024-10-10,,Utah Hockey Club,4,5,L,OT,,27,4,1,6,1,,26,12,2,2,0,,43,56,43.4,28,36,43.8,27,27,50.0,51.8,100.0
2,2024-10-12,@,Dallas Stars,0,3,L,,,34,4,0,1,0,,27,2,0,2,0,,65,41,61.3,49,28,63.6,25,24,51.0,44.4,87.5
3,2024-10-14,@,Colorado Avalanche,6,2,W,,,37,6,0,1,1,,34,4,0,2,0,,55,65,45.8,41,46,47.1,36,29,55.4,44.5,108.5
4,2024-10-17,@,St. Louis Blues,0,1,L,OT,,34,4,0,2,0,,30,6,0,1,0,,52,52,50.0,37,33,52.9,21,17,55.3,53.9,96.4
5,2024-10-19,,Montreal Canadiens,4,3,W,SO,,36,2,1,6,0,,24,12,1,1,0,,57,42,57.6,39,34,53.4,20,20,50.0,71.0,97.6
6,2024-10-22,,Detroit Red Wings,0,1,L,,,30,2,0,3,0,,11,6,0,1,0,,52,25,67.5,38,17,69.1,25,28,47.2,67.6,90.0
7,2024-10-25,@,New Jersey Devils,4,3,W,OT,,30,9,1,4,0,,36,13,0,2,0,,42,58,42.0,30,44,40.5,28,17,62.2,50.0,105.0
8,2024-10-26,,Florida Panthers,3,6,L,,,28,4,0,3,0,,29,6,1,2,1,,53,50,51.5,41,42,49.4,28,27,50.9,61.1,96.5
9,2024-10-29,,Anaheim Ducks,1,3,L,,,41,6,1,4,0,,22,8,2,3,0,,69,39,63.9,50,28,64.1,33,14,70.2,69.7,94.4
10,2024-10-30,@,Columbus Blue Jackets,0,2,L,,,26,0,0,1,0,,26,2,0,0,0,,73,51,58.9,50,39,56.2,26,18,59.1,61.3,92.3
11,2024-11-01,@,Buffalo Sabres,4,3,W,,,36,15,1,4,0,,35,15,1,4,0,,39,64,37.9,32,43,42.7,24,19,55.8,32.3,106.4
12,2024-11-03,@,New York Rangers,2,5,L,,,37,6,0,5,0,,40,10,1,3,1,,56,45,55.4,40,36,52.6,22,20,52.4,52.8,96.8
13,2024-11-05,,Pittsburgh Penguins,4,3,W,SO,,26,8,1,4,0,,35,8,1,4,0,,42,56,42.9,34,44,43.6,24,25,49.0,44.4,103.3
14,2024-11-07,@,Ottawa Senators,4,2,W,,,25,8,0,2,0,,30,6,1,3,0,,44,61,41.9,30,39,43.5,21,25,45.7,45.3,112.2
15,2024-11-09,,New Jersey Devils,3,4,L,OT,,22,4,0,0,0,,33,0,1,2,0,,47,54,46.5,37,42,46.8,27,22,55.1,37.9,102.5
16,2024-11-12,@,Edmonton Oilers,3,4,L,OT,,22,4,0,2,0,,42,4,1,2,0,,43,71,37.7,29,55,34.5,24,27,47.1,44.9,107.1
17,2024-11-14,@,Vancouver Canucks,5,2,W,,,32,7,1,5,0,,26,15,0,1,0,,48,46,51.1,36,30,54.5,25,17,59.5,56.0,103.2
18,2024-11-16,@,Seattle Kraken,2,3,L,,,24,8,0,1,1,,27,2,0,4,0,,47,50,48.5,39,36,52.0,24,21,53.3,42.9,90.7
19,2024-11-19,@,Calgary Flames,1,2,L,SO,,29,2,0,3,0,,31,6,1,1,0,,43,57,43.0,35,36,49.3,38,22,63.3,40.5,103.7
20,2024-11-21,@,Detroit Red Wings,1,2,L,,,23,6,0,1,0,,31,2,0,3,0,,45,54,45.5,32,39,45.1,24,17,58.5,46.9,96.8
21,2024-11-23,,St. Louis Blues,3,1,W,,,31,2,1,2,0,,25,4,1,1,0,,43,52,45.3,37,32,53.6,30,18,62.5,58.8,107.4
22,2024-11-25,,Detroit Red Wings,2,4,L,,,29,10,0,3,0,,21,10,0,3,0,,47,46,50.5,38,34,52.8,22,10,68.8,72.5,86.6
23,2024-11-27,,Boston Bruins,3,6,L,,,24,0,0,1,0,,21,2,0,0,0,,51,46,52.6,36,35,50.7,29,26,52.7,42.4,85.1
24,2024-11-29,@,Washington Capitals,4,5,L,OT,,24,8,0,3,0,,26,6,2,4,0,,34,48,41.5,23,32,41.8,27,24,52.9,50.0,111.7
25,2024-11-30,,Buffalo Sabres,3,0,W,,,20,4,1,3,0,,29,6,0,2,0,,35,60,36.8,24,45,34.8,25,20,55.6,40.0,114.3
26,2024-12-03,@,Montreal Canadiens,,,,,,,,,,,,,,,,,,,,,,,,,,,,
