,,,,,,,,,Team,Team,Team,Team,Team,,Opponent,Opponent,Opponent,Opponent,Opponent,,Advanced (at Even Strength),Advanced (at Even Strength),Advanced (at Even Strength),Advanced (at Even Strength),Advanced (at Even Strength),Advanced (at Even Strength),Advanced (at Even Strength),Advanced (at Even Strength),Advanced (at Even Strength),Advanced (at Even Strength),Advanced (at Even Strength)
GP,Date,,Opponent,GF,GA,,,,S,PIM,PPG,PPO,SHG,,S,PIM,PPG,PPO,SHG,,CF,CA,CF%,FF,FA,FF%,FOW,FOL,FO%,oZS%,PDO
1,2024-10-09,,Winnipeg Jets,0,6,L,,,30,6,0,1,0,,20,2,2,3,0,,69,36,65.7,42,28,60.0,22,19,53.7,69.7,77.8
2,2024-10-12,,Chicago Blackhawks,2,5,L,,,38,6,1,3,0,,20,6,3,3,0,,87,32,73.1,51,22,69.9,35,21,62.5,75.7,91.1
3,2024-10-13,,Calgary Flames,1,4,L,,,26,6,0,1,0,,29,2,0,3,0,,56,55,50.5,40,40,50.0,25,19,56.8,63.0,87.8
4,2024-10-15,,Philadelphia Flyers,4,3,W,OT,,31,24,0,4,0,,30,18,2,7,0,,54,33,62.1,37,28,56.9,25,22,53.2,71.4,110.4
5,2024-10-17,@,Nashville Predators,4,2,W,,,36,11,0,4,0,,27,13,1,3,0,,57,44,56.4,44,30,59.5,24,29,45.3,50.0,107.9
6,2024-10-19,@,Dallas Stars,1,4,L,,,31,2,0,2,0,,24,4,1,1,0,,63,49,56.3,44,37,54.3,33,21,61.1,59.5,90.7
7,2024-10-22,,Carolina Hurricanes,2,3,L,OT,,35,6,1,4,0,,33,10,1,2,0,,46,58,44.2,35,44,44.3,23,18,56.1,36.3,96.2
8,2024-10-25,,Pittsburgh Penguins,4,0,W,,,50,9,1,2,0,,27,9,0,2,0,,84,47,64.1,65,32,67.0,24,16,60.0,72.4,106.4
9,2024-10-27,@,Detroit Red Wings,3,2,W,OT,,34,7,0,2,0,,26,9,0,1,0,,64,49,56.6,44,35,55.7,20,31,39.2,72.2,100.8
10,2024-10-28,@,Columbus Blue Jackets,1,6,L,,,32,8,1,6,0,,25,12,1,4,0,,43,39,52.4,32,32,50.0,22,16,57.9,45.8,75.0
11,2024-10-31,@,Nashville Predators,5,1,W,,,29,16,0,1,0,,27,12,1,3,0,,51,49,51.0,39,31,55.7,23,21,52.3,39.9,117.9
12,2024-11-03,@,Calgary Flames,4,2,W,,,31,6,1,3,0,,31,8,1,2,0,,49,58,45.8,35,38,47.9,24,31,43.6,52.5,106.5
13,2024-11-04,,New Jersey Devils,0,3,L,,,31,4,0,1,0,,16,4,1,1,0,,57,28,67.1,42,19,68.9,22,23,48.9,68.4,85.7
14,2024-11-06,,Vegas Golden Knights,2,4,L,,,29,4,0,1,0,,35,2,1,2,0,,54,44,55.1,40,37,51.9,29,24,54.7,58.6,96.6
15,2024-11-09,@,Vancouver Canucks,7,3,W,,,31,4,1,3,0,,20,6,1,2,0,,47,36,56.6,37,28,56.9,24,30,44.4,48.6,113.9
16,2024-11-12,,New York Islanders,4,3,W,OT,,42,4,1,2,0,,22,4,0,2,0,,75,42,64.1,55,29,65.5,27,24,52.9,55.1,92.9
17,2024-11-14,,Nashville Predators,3,2,W,OT,,34,4,0,4,0,,22,8,0,2,0,,48,39,55.2,41,28,59.4,23,25,47.9,46.6,100.9
18,2024-11-16,@,Toronto Maple Leafs,3,4,L,OT,,30,8,1,2,0,,22,17,0,4,0,,63,40,61.2,36,25,59.0,18,15,54.5,65.0,82.7
19,2024-11-18,@,Montreal Canadiens,0,3,L,,,30,6,0,3,0,,25,8,0,2,0,,45,54,45.5,32,40,44.4,15,13,53.6,59.4,87.0
20,2024-11-19,@,Ottawa Senators,5,2,W,,,31,11,1,3,0,,29,13,0,2,0,,45,52,46.4,35,37,48.6,26,23,53.1,37.5,107.7
21,2024-11-21,,Minnesota Wild,3,5,L,,,31,7,0,2,0,,26,9,0,1,0,,65,47,58.0,39,34,53.4,33,26,55.9,73.5,89.7
22,2024-11-23,,New York Rangers,6,2,W,,,40,6,0,3,1,,34,6,0,3,0,,50,53,48.5,41,40,50.6,23,18,56.1,51.7,107.4
23,2024-11-29,@,Utah Hockey Club,4,3,W,OT,,32,2,2,3,0,,31,6,0,1,0,,47,50,48.5,33,43,43.4,23,22,51.1,61.6,97.7
24,2024-11-30,@,Colorado Avalanche,4,1,W,,,32,14,0,2,0,,28,8,1,5,0,,48,42,53.3,36,32,52.9,31,12,72.1,46.1,114.8
25,2024-12-03,@,Vegas Golden Knights,,,,,,,,,,,,,,,,,,,,,,,,,,,,
