 
,,,,,,,,,Team,Team,Team,Team,Team,,Opponent,Opponent,Opponent,Opponent,Opponent,,Advanced (at Even Strength),Advanced (at Even Strength),Advanced (at Even Strength),Advanced (at Even Strength),Advanced (at Even Strength),Advanced (at Even Strength),Advanced (at Even Strength),Advanced (at Even Strength),Advanced (at Even Strength),Advanced (at Even Strength),Advanced (at Even Strength)
GP,Date,,Opponent,GF,GA,,,,S,PIM,PPG,PPO,SHG,,S,PIM,PPG,PPO,SHG,,CF,CA,CF%,FF,FA,FF%,FOW,FOL,FO%,oZS%,PDO
1,2024-10-10,,Columbus Blue Jackets,3,2,W,,,26,6,1,3,0,,33,6,1,3,0,,34,57,37.4,28,39,41.8,28,21,57.1,44.5,106.2
2,2024-10-12,,Seattle Kraken,4,5,L,SO,,38,4,1,2,0,,34,4,1,2,0,,54,47,53.5,37,39,48.7,27,28,49.1,65.5,98.7
3,2024-10-13,@,Winnipeg Jets,1,2,L,OT,,27,4,0,3,0,,35,6,1,2,0,,44,61,41.9,35,47,42.7,25,23,52.1,55.6,100.9
4,2024-10-15,@,St. Louis Blues,4,1,W,,,27,4,2,5,1,,28,10,0,2,0,,48,59,44.9,35,38,47.9,15,19,44.1,47.6,99.5
5,2024-10-19,@,Columbus Blue Jackets,3,1,W,,,34,6,1,3,0,,24,6,0,3,0,,49,38,56.3,37,24,60.7,15,21,41.7,52.2,100.3
6,2024-10-22,@,Florida Panthers,5,1,W,,,22,0,1,2,0,,25,4,0,0,0,,42,58,42.0,30,38,44.1,27,21,56.3,16.1,115.0
7,2024-10-24,@,Tampa Bay Lightning,4,2,W,,,18,2,1,4,0,,26,8,0,1,1,,37,50,42.5,23,31,42.6,24,17,58.5,48.0,115.7
8,2024-10-26,@,Philadelphia Flyers,5,7,L,,,26,6,1,4,0,,23,10,1,2,0,,48,45,51.6,27,33,45.0,22,26,45.8,62.2,99.4
9,2024-10-29,@,Pittsburgh Penguins,5,3,W,,,40,9,0,5,0,,29,15,1,2,0,,53,47,53.0,44,32,57.9,17,27,38.6,56.7,107.9
10,2024-11-01,,Tampa Bay Lightning,5,3,W,,,22,13,0,2,0,,30,9,2,4,0,,39,38,50.6,30,27,52.6,20,23,46.5,52.0,123.0
11,2024-11-03,,Toronto Maple Leafs,2,1,W,OT,,33,6,0,3,0,,28,8,1,2,0,,64,36,64.0,42,29,59.2,20,18,52.6,50.3,106.7
12,2024-11-05,,Los Angeles Kings,1,5,L,,,24,4,0,4,0,,28,10,1,1,0,,37,51,42.0,26,42,38.2,25,27,48.1,51.4,87.6
13,2024-11-07,@,San Jose Sharks,5,2,W,,,31,6,1,3,0,,26,6,0,3,0,,48,38,55.8,36,29,55.4,17,28,37.8,55.0,106.1
14,2024-11-08,@,Anaheim Ducks,5,2,W,,,31,16,1,2,0,,35,10,0,6,0,,47,58,44.8,31,44,41.3,23,13,63.9,29.1,109.3
15,2024-11-10,@,Chicago Blackhawks,1,2,L,OT,,33,6,0,3,0,,22,6,0,3,0,,49,32,60.5,33,24,57.9,22,24,47.8,56.3,93.8
16,2024-11-14,,Montreal Canadiens,3,0,W,,,28,8,1,3,0,,19,8,0,3,0,,40,38,51.3,27,24,52.9,16,21,43.2,50.4,109.5
17,2024-11-16,,Dallas Stars,1,2,L,,,23,12,0,2,0,,40,14,0,1,0,,56,63,47.1,39,49,44.3,22,30,42.3,33.3,99.6
18,2024-11-19,@,St. Louis Blues,4,2,W,,,28,6,0,2,0,,24,6,1,2,0,,52,54,49.1,36,36,50.0,24,28,46.2,57.4,110.6
19,2024-11-21,@,Edmonton Oilers,5,3,W,,,26,9,0,1,0,,31,7,0,2,0,,49,63,43.8,34,39,46.6,26,33,44.1,26.5,110.3
20,2024-11-23,@,Calgary Flames,3,4,L,SO,,23,6,1,3,0,,31,8,2,2,0,,58,60,49.2,41,44,48.2,26,14,65.0,30.3,105.4
21,2024-11-25,,Winnipeg Jets,1,4,L,,,44,8,0,2,0,,32,6,1,3,0,,60,52,53.6,42,39,51.9,22,18,55.0,50.0,92.0
22,2024-11-27,@,Buffalo Sabres,1,0,W,,,30,4,0,0,0,,39,0,0,2,0,,56,75,42.7,39,46,45.9,27,28,49.1,34.1,103.3
23,2024-11-29,,Chicago Blackhawks,3,2,W,,,29,6,0,2,0,,22,4,1,3,0,,56,29,65.9,39,26,60.0,20,14,58.8,75.0,105.2
24,2024-11-30,,Nashville Predators,3,2,W,OT,,28,11,1,3,0,,27,11,1,3,0,,48,59,44.9,40,40,50.0,20,17,54.1,42.7,104.0
