,,,,,,,,,Team,Team,Team,Team,Team,,Opponent,Opponent,Opponent,Opponent,Opponent,,Advanced (at Even Strength),Advanced (at Even Strength),Advanced (at Even Strength),Advanced (at Even Strength),Advanced (at Even Strength),Advanced (at Even Strength),Advanced (at Even Strength),Advanced (at Even Strength),Advanced (at Even Strength),Advanced (at Even Strength),Advanced (at Even Strength)
GP,Date,,Opponent,GF,GA,,,,S,PIM,PPG,PPO,SHG,,S,PIM,PPG,PPO,SHG,,CF,CA,CF%,FF,FA,FF%,FOW,FOL,FO%,oZS%,PDO
1,2024-10-10,,Pittsburgh Penguins,3,6,L,,,32,4,1,5,0,,28,10,1,2,0,,42,47,47.2,30,37,44.8,28,29,49.1,52.8,88.7
2,2024-10-12,,Nashville Predators,3,0,W,,,22,6,0,2,0,,42,4,0,3,0,,37,70,34.6,26,45,36.6,24,31,43.6,33.3,117.6
3,2024-10-14,@,New York Rangers,1,4,L,,,32,10,0,4,0,,28,8,1,5,0,,43,41,51.2,34,29,54.0,19,29,39.6,59.5,89.3
4,2024-10-17,,New York Rangers,2,5,L,,,31,12,1,5,0,,34,14,3,4,0,,46,53,46.5,35,39,47.3,24,32,42.9,54.1,96.9
5,2024-10-19,@,Nashville Predators,5,2,W,,,24,6,1,3,0,,39,8,1,2,0,,40,64,38.5,31,48,39.2,27,25,51.9,48.0,116.9
6,2024-10-22,@,New York Islanders,1,0,W,,,11,6,0,1,0,,30,2,0,3,0,,26,51,33.8,17,38,30.9,28,25,52.8,32.4,110.0
7,2024-10-24,,New Jersey Devils,5,3,W,,,20,22,2,4,0,,40,20,3,5,0,,38,58,39.6,25,47,34.7,20,21,48.8,48.0,120.0
8,2024-10-26,@,Buffalo Sabres,3,5,L,,,25,8,0,2,1,,39,4,1,4,0,,43,57,43.0,30,43,41.1,42,19,68.9,51.1,97.4
9,2024-10-27,,Edmonton Oilers,2,3,L,OT,,26,9,0,1,0,,34,7,0,2,0,,49,61,44.5,35,44,44.3,31,20,60.8,27.8,99.2
10,2024-10-30,,Winnipeg Jets,2,6,L,,,21,4,2,3,0,,29,6,1,2,0,,45,45,50.0,30,39,43.5,17,28,37.8,50.0,80.8
11,2024-11-02,,Buffalo Sabres,2,1,W,,,23,4,2,4,0,,32,8,0,2,1,,49,61,44.5,34,45,43.0,27,19,58.7,52.5,100.0
12,2024-11-06,@,Chicago Blackhawks,4,1,W,,,25,4,0,2,0,,29,4,0,2,0,,47,48,49.5,34,34,50.0,22,24,47.8,35.7,116.0
13,2024-11-08,@,Toronto Maple Leafs,1,3,L,,,22,4,1,3,0,,20,6,2,2,0,,46,45,50.5,28,28,50.0,21,21,50.0,51.7,93.8
14,2024-11-09,,New York Rangers,0,4,L,,,37,4,0,2,0,,24,4,1,2,0,,75,48,61.0,54,35,60.7,27,23,54.0,65.8,87.0
15,2024-11-13,@,Pittsburgh Penguins,3,2,W,OT,,31,4,1,2,0,,33,4,0,2,0,,53,68,43.8,36,46,43.9,25,22,53.2,37.5,100.5
16,2024-11-15,@,Anaheim Ducks,4,6,L,,,25,8,3,4,0,,29,8,2,4,0,,48,35,57.8,36,26,58.1,22,21,51.2,62.5,81.5
17,2024-11-16,@,Los Angeles Kings,1,4,L,,,18,2,0,0,0,,41,0,0,1,0,,57,70,44.9,25,60,29.4,30,37,44.8,44.7,95.0
18,2024-11-18,@,San Jose Sharks,4,5,L,OT,,20,8,2,3,0,,34,6,1,4,0,,36,52,40.9,24,44,35.3,24,28,46.2,47.0,99.5
19,2024-11-21,,New York Islanders,2,1,W,,,31,2,0,3,0,,23,6,0,1,0,,55,44,55.6,39,32,54.9,17,24,41.5,53.1,103.2
20,2024-11-23,,Boston Bruins,1,2,L,,,20,4,0,4,0,,29,8,1,2,0,,40,41,49.4,24,35,40.7,22,23,48.9,43.8,103.1
21,2024-11-25,@,New York Islanders,4,2,W,,,21,10,0,3,0,,29,10,0,3,0,,46,47,49.5,34,38,47.2,10,22,31.3,27.5,113.4
22,2024-11-27,,Calgary Flames,2,1,W,OT,,27,8,2,4,0,,25,8,1,4,0,,49,43,53.3,35,28,55.6,32,22,59.3,50.7,100.0
23,2024-11-29,,New Jersey Devils,4,5,L,,,28,13,1,4,0,,29,13,3,4,0,,46,69,40.0,33,47,41.3,28,24,53.8,47.2,105.9
24,2024-12-01,,Vancouver Canucks,4,5,L,OT,,31,8,1,4,0,,32,8,2,4,0,,36,53,40.4,28,41,40.6,24,27,47.1,45.7,104.2
25,2024-12-03,@,Boston Bruins,,,,,,,,,,,,,,,,,,,,,,,,,,,,
